ncbi_taxid,4932,498019,5478,4911,4952,36911,4909
4932,0.0,0.9919,0.988,0.9898,0.9934,0.9919,0.9898
498019,0.9919,0.0,0.9924,0.9919,0.9926,0.9903,0.9922
5478,0.988,0.9924,0.0,0.9888,0.9931,0.9921,0.9906
4911,0.9898,0.9919,0.9888,0.0,0.9937,0.9917,0.9907
4952,0.9934,0.9926,0.9931,0.9937,0.0,0.9935,0.9938
36911,0.9919,0.9903,0.9921,0.9917,0.9935,0.0,0.9913
4909,0.9898,0.9922,0.9906,0.9907,0.9938,0.9913,0.0
