<html>
<head>
<script src="https://cdn.plot.ly/plotly-1.54.7.min.js"></script>
</head>
<body>
  <script>
    gd = (function() {
  var WIDTH_IN_PERCENT_OF_PARENT = 100;
  var HEIGHT_IN_PERCENT_OF_PARENT = 100;
  var gd = Plotly.d3.select('body')
    .append('div').attr("id", "875cffdb-95bc-48dc-9b61-e2b2457d19a6")
    .style({
      width: WIDTH_IN_PERCENT_OF_PARENT + '%',
      'margin-left': (100 - WIDTH_IN_PERCENT_OF_PARENT) / 2 + '%',
      height: HEIGHT_IN_PERCENT_OF_PARENT + 'vh',
      'margin-top': (100 - HEIGHT_IN_PERCENT_OF_PARENT) / 2 + 'vh'
    })
    .node();
  var plot_json = {"layout":{"showlegend":false,"xaxis":{"scaleanchor":"y","visible":false,"domain":[0.504950495049505,1.0]},"hovermode":"closest","xaxis2":{"rangemode":"nonnegative","domain":[0.0,0.49504950495049505],"autorange":"reversed"},"height":550,"margin":{"l":50,"b":50,"r":50,"t":60},"yaxis":{"scaleanchor":"x","visible":false},"title":"Bacillus cereus, 196 genomes, 4 overlaps, min inter = 0.3140","width":1000},"frames":[],"data":[{"xaxis":"x","y":[0.5,2.5,3.5,5.5,6.5,7.5,9.5,10.5,11.5,12.5,14.5,16.5,17.5,18.5,20.5,21.5,22.5,24.914213562373096,27.646264369941974,28.646264369941974,29.646264369941974,32.06047793231507,34.79252873988394,35.79252873988394,36.79252873988394,37.79252873988394,40.52457954745282,43.25663035502169,44.25663035502169,46.670843917394784,47.670843917394784,50.085057479767876,51.085057479767876,52.085057479767876,53.085057479767876,54.085057479767876,59.32769816688716,62.32769816688716,64.74191172926025,65.74191172926025,68.97797970676004,72.80640683150622,73.80640683150622,74.80640683150622,75.80640683150622,77.80640683150622,78.80640683150622,80.80640683150622,82.80640683150622,83.80640683150622,84.80640683150622,85.80640683150622,86.80640683150622,87.80640683150622,88.80640683150622,89.80640683150622,90.80640683150622,91.80640683150622,93.80640683150622,94.80640683150622,95.80640683150622,96.80640683150622,97.80640683150622,100.22062039387932,102.22062039387932,103.22062039387932,104.22062039387932,105.22062039387932,107.22062039387932,108.22062039387932,109.22062039387932,110.22062039387932,111.22062039387932,113.22062039387932,114.22062039387932,116.63483395625241,117.63483395625241,120.63483395625241,123.36688476382129,125.36688476382129,126.36688476382129,127.36688476382129,128.3668847638213,129.3668847638213,131.3668847638213,132.3668847638213,133.3668847638213,136.3668847638213,138.3668847638213,139.3668847638213,140.3668847638213,142.3668847638213,144.3668847638213,146.3668847638213,148.3668847638213,149.3668847638213,150.3668847638213,152.3668847638213,154.3668847638213,156.7810983261944,157.7810983261944],"type":"heatmap","colorscale":[[0.0,"#000004"],[0.00392156862745098,"#010005"],[0.00784313725490196,"#010106"],[0.011764705882352941,"#010108"],[0.01568627450980392,"#020109"],[0.0196078431372549,"#02020B"],[0.023529411764705882,"#02020D"],[0.027450980392156862,"#03030F"],[0.03137254901960784,"#030312"],[0.03529411764705882,"#040414"],[0.0392156862745098,"#050416"],[0.043137254901960784,"#060518"],[0.047058823529411764,"#06051A"],[0.050980392156862744,"#07061C"],[0.054901960784313725,"#08071E"],[0.058823529411764705,"#090720"],[0.06274509803921569,"#0A0822"],[0.06666666666666667,"#0B0924"],[0.07058823529411765,"#0C0926"],[0.07450980392156863,"#0D0A29"],[0.0784313725490196,"#0E0B2B"],[0.08235294117647059,"#100B2D"],[0.08627450980392157,"#110C2F"],[0.09019607843137255,"#120D31"],[0.09411764705882353,"#130D34"],[0.09803921568627451,"#140E36"],[0.10196078431372549,"#150E38"],[0.10588235294117647,"#160F3B"],[0.10980392156862745,"#180F3D"],[0.11372549019607843,"#19103F"],[0.11764705882352941,"#1A1042"],[0.12156862745098039,"#1C1044"],[0.12549019607843137,"#1D1147"],[0.12941176470588237,"#1E1149"],[0.13333333333333333,"#20114B"],[0.13725490196078433,"#21114E"],[0.1411764705882353,"#221150"],[0.1450980392156863,"#241253"],[0.14901960784313725,"#251255"],[0.15294117647058825,"#271258"],[0.1568627450980392,"#29115A"],[0.1607843137254902,"#2A115C"],[0.16470588235294117,"#2C115F"],[0.16862745098039217,"#2D1161"],[0.17254901960784313,"#2F1163"],[0.17647058823529413,"#311165"],[0.1803921568627451,"#331067"],[0.1843137254901961,"#341069"],[0.18823529411764706,"#36106B"],[0.19215686274509805,"#38106C"],[0.19607843137254902,"#390F6E"],[0.2,"#3B0F70"],[0.20392156862745098,"#3D0F71"],[0.20784313725490197,"#3F0F72"],[0.21176470588235294,"#400F74"],[0.21568627450980393,"#420F75"],[0.2196078431372549,"#440F76"],[0.2235294117647059,"#451077"],[0.22745098039215686,"#471078"],[0.23137254901960785,"#491078"],[0.23529411764705882,"#4A1079"],[0.23921568627450981,"#4C117A"],[0.24313725490196078,"#4E117B"],[0.24705882352941178,"#4F127B"],[0.25098039215686274,"#51127C"],[0.2549019607843137,"#52137C"],[0.25882352941176473,"#54137D"],[0.2627450980392157,"#56147D"],[0.26666666666666666,"#57157E"],[0.27058823529411763,"#59157E"],[0.27450980392156865,"#5A167E"],[0.2784313725490196,"#5C167F"],[0.2823529411764706,"#5D177F"],[0.28627450980392155,"#5F187F"],[0.2901960784313726,"#601880"],[0.29411764705882354,"#621980"],[0.2980392156862745,"#641A80"],[0.30196078431372547,"#651A80"],[0.3058823529411765,"#671B80"],[0.30980392156862746,"#681C81"],[0.3137254901960784,"#6A1C81"],[0.3176470588235294,"#6B1D81"],[0.3215686274509804,"#6D1D81"],[0.3254901960784314,"#6E1E81"],[0.32941176470588235,"#701F81"],[0.3333333333333333,"#721F81"],[0.33725490196078434,"#732081"],[0.3411764705882353,"#752181"],[0.34509803921568627,"#762181"],[0.34901960784313724,"#782281"],[0.35294117647058826,"#792282"],[0.3568627450980392,"#7B2382"],[0.3607843137254902,"#7C2382"],[0.36470588235294116,"#7E2482"],[0.3686274509803922,"#802582"],[0.37254901960784315,"#812581"],[0.3764705882352941,"#832681"],[0.3803921568627451,"#842681"],[0.3843137254901961,"#862781"],[0.38823529411764707,"#882781"],[0.39215686274509803,"#892881"],[0.396078431372549,"#8B2981"],[0.4,"#8C2981"],[0.403921568627451,"#8E2A81"],[0.40784313725490196,"#902A81"],[0.4117647058823529,"#912B81"],[0.41568627450980394,"#932B80"],[0.4196078431372549,"#942C80"],[0.4235294117647059,"#962C80"],[0.42745098039215684,"#982D80"],[0.43137254901960786,"#992D80"],[0.43529411764705883,"#9B2E7F"],[0.4392156862745098,"#9C2E7F"],[0.44313725490196076,"#9E2F7F"],[0.4470588235294118,"#A02F7F"],[0.45098039215686275,"#A1307E"],[0.4549019607843137,"#A3307E"],[0.4588235294117647,"#A5317E"],[0.4627450980392157,"#A6317D"],[0.4666666666666667,"#A8327D"],[0.47058823529411764,"#AA337D"],[0.4745098039215686,"#AB337C"],[0.47843137254901963,"#AD347C"],[0.4823529411764706,"#AE347B"],[0.48627450980392156,"#B0357B"],[0.49019607843137253,"#B2357B"],[0.49411764705882355,"#B3367A"],[0.4980392156862745,"#B5367A"],[0.5019607843137255,"#B73779"],[0.5058823529411764,"#B83779"],[0.5098039215686274,"#BA3878"],[0.5137254901960784,"#BC3978"],[0.5176470588235295,"#BD3977"],[0.5215686274509804,"#BF3A77"],[0.5254901960784314,"#C03A76"],[0.5294117647058824,"#C23B75"],[0.5333333333333333,"#C43C75"],[0.5372549019607843,"#C53C74"],[0.5411764705882353,"#C73D73"],[0.5450980392156862,"#C83E73"],[0.5490196078431373,"#CA3E72"],[0.5529411764705883,"#CC3F71"],[0.5568627450980392,"#CD4071"],[0.5607843137254902,"#CF4070"],[0.5647058823529412,"#D0416F"],[0.5686274509803921,"#D2426F"],[0.5725490196078431,"#D3436E"],[0.5764705882352941,"#D5446D"],[0.5803921568627451,"#D6456C"],[0.5843137254901961,"#D8456C"],[0.5882352941176471,"#D9466B"],[0.592156862745098,"#DB476A"],[0.596078431372549,"#DC4869"],[0.6,"#DE4968"],[0.6039215686274509,"#DF4A68"],[0.6078431372549019,"#E04C67"],[0.611764705882353,"#E24D66"],[0.615686274509804,"#E34E65"],[0.6196078431372549,"#E44F64"],[0.6235294117647059,"#E55064"],[0.6274509803921569,"#E75263"],[0.6313725490196078,"#E85362"],[0.6352941176470588,"#E95462"],[0.6392156862745098,"#EA5661"],[0.6431372549019608,"#EB5760"],[0.6470588235294118,"#EC5860"],[0.6509803921568628,"#ED5A5F"],[0.6549019607843137,"#EE5B5E"],[0.6588235294117647,"#EF5D5E"],[0.6627450980392157,"#F05F5E"],[0.6666666666666666,"#F1605D"],[0.6705882352941176,"#F2625D"],[0.6745098039215687,"#F2645C"],[0.6784313725490196,"#F3655C"],[0.6823529411764706,"#F4675C"],[0.6862745098039216,"#F4695C"],[0.6901960784313725,"#F56B5C"],[0.6941176470588235,"#F66C5C"],[0.6980392156862745,"#F66E5C"],[0.7019607843137254,"#F7705C"],[0.7058823529411765,"#F7725C"],[0.7098039215686275,"#F8745C"],[0.7137254901960784,"#F8765C"],[0.7176470588235294,"#F9785D"],[0.7215686274509804,"#F9795D"],[0.7254901960784313,"#F97B5D"],[0.7294117647058823,"#FA7D5E"],[0.7333333333333333,"#FA7F5E"],[0.7372549019607844,"#FA815F"],[0.7411764705882353,"#FB835F"],[0.7450980392156863,"#FB8560"],[0.7490196078431373,"#FB8761"],[0.7529411764705882,"#FC8961"],[0.7568627450980392,"#FC8A62"],[0.7607843137254902,"#FC8C63"],[0.7647058823529411,"#FC8E64"],[0.7686274509803922,"#FC9065"],[0.7725490196078432,"#FD9266"],[0.7764705882352941,"#FD9467"],[0.7803921568627451,"#FD9668"],[0.7843137254901961,"#FD9869"],[0.788235294117647,"#FD9A6A"],[0.792156862745098,"#FD9B6B"],[0.796078431372549,"#FE9D6C"],[0.8,"#FE9F6D"],[0.803921568627451,"#FEA16E"],[0.807843137254902,"#FEA36F"],[0.8117647058823529,"#FEA571"],[0.8156862745098039,"#FEA772"],[0.8196078431372549,"#FEA973"],[0.8235294117647058,"#FEAA74"],[0.8274509803921568,"#FEAC76"],[0.8313725490196079,"#FEAE77"],[0.8352941176470589,"#FEB078"],[0.8392156862745098,"#FEB27A"],[0.8431372549019608,"#FEB47B"],[0.8470588235294118,"#FEB67C"],[0.8509803921568627,"#FEB77E"],[0.8549019607843137,"#FEB97F"],[0.8588235294117647,"#FEBB81"],[0.8627450980392157,"#FEBD82"],[0.8666666666666667,"#FEBF84"],[0.8705882352941177,"#FEC185"],[0.8745098039215686,"#FEC287"],[0.8784313725490196,"#FEC488"],[0.8823529411764706,"#FEC68A"],[0.8862745098039215,"#FEC88C"],[0.8901960784313725,"#FECA8D"],[0.8941176470588236,"#FECC8F"],[0.8980392156862745,"#FECD90"],[0.9019607843137255,"#FECF92"],[0.9058823529411765,"#FED194"],[0.9098039215686274,"#FED395"],[0.9137254901960784,"#FED597"],[0.9176470588235294,"#FED799"],[0.9215686274509803,"#FED89A"],[0.9254901960784314,"#FDDA9C"],[0.9294117647058824,"#FDDC9E"],[0.9333333333333333,"#FDDEA0"],[0.9372549019607843,"#FDE0A1"],[0.9411764705882353,"#FDE2A3"],[0.9450980392156862,"#FDE3A5"],[0.9490196078431372,"#FDE5A7"],[0.9529411764705882,"#FDE7A9"],[0.9568627450980393,"#FDE9AA"],[0.9607843137254902,"#FDEBAC"],[0.9647058823529412,"#FCECAE"],[0.9686274509803922,"#FCEEB0"],[0.9725490196078431,"#FCF0B2"],[0.9764705882352941,"#FCF2B4"],[0.9803921568627451,"#FCF4B6"],[0.984313725490196,"#FCF6B8"],[0.9882352941176471,"#FCF7B9"],[0.9921568627450981,"#FCF9BB"],[0.996078431372549,"#FCFBBD"],[1.0,"#FCFDBF"]],"yaxis":"y","z":[[0.100185126,0.23443963,0.69320685,0.66776115,0.6606113,0.7812044,0.77810884,0.7776026,0.7720393,0.77904326,0.76979303,0.77412325,0.7694111,0.7719018,0.77205884,0.7741398,0.78151137,0.77809185,0.778524,0.77641743,0.75055796,0.75992495,0.7584755,0.77494925,0.78045666,0.7791196,0.7716433,0.7668122,0.77334213,0.78691125,0.7768792,0.7755058,0.77964896,0.78508323,0.7825053,0.776497,0.7775324,0.7788998,0.77890307,0.8302488,0.82894915,0.82970583,0.8329847,0.8332677,0.8273391,0.83600515,0.82009804,0.8202327,0.82057434,0.81881803,0.8241049,0.8289894,0.8204841,0.83234286,0.8338302,0.8213424,0.826275,0.8271308,0.8211618,0.8228785,0.82750523,0.8296,0.82538134,0.8242588,0.8207871,0.82805246,0.8254936,0.82786226,0.82529587,0.8237357,0.83313864,0.84318143,0.8243197,0.8247794,0.8225696,0.82295215,0.83179015,0.83075017,0.82084155,0.82355726,0.822559,0.8253004,0.82660025,0.8306216,0.82244134,0.8270821,0.8268576,0.8229266,0.82658535,0.826716,0.85583776,0.84395796,0.84368855,0.87763083,0.85528487,0.86127424,0.8515646,0.86098623,0.8562236,0.85712445],[0.23443963,0.0,0.6928901,0.6606747,0.6608932,0.77934957,0.77820987,0.7778016,0.7723374,0.7788098,0.7699243,0.7761225,0.7702634,0.7725694,0.772985,0.7731147,0.7803826,0.77646893,0.77689976,0.7764381,0.7515183,0.7606383,0.7604063,0.77498376,0.77978086,0.77834797,0.7706277,0.7647144,0.77311474,0.78590095,0.7769065,0.77439505,0.77784866,0.7849925,0.7818258,0.7759069,0.77773046,0.7784035,0.7782281,0.8283808,0.8277842,0.830563,0.8327576,0.8331916,0.82727945,0.8366598,0.8208008,0.8204367,0.8221005,0.82043886,0.8255665,0.82962376,0.8223258,0.8320279,0.8340437,0.82362074,0.82758147,0.8276335,0.821527,0.82354933,0.8286211,0.83007133,0.8258154,0.82453233,0.8220281,0.8295607,0.82568175,0.8270346,0.8250017,0.8217912,0.8352379,0.84280163,0.82530737,0.8252046,0.82244396,0.8217781,0.832244,0.8309759,0.82215583,0.82191503,0.8226647,0.8247762,0.82733077,0.8313703,0.82399136,0.8294849,0.82620114,0.82343,0.82393515,0.8260199,0.853945,0.84300977,0.8431745,0.874764,0.8550648,0.8624722,0.8522712,0.86021435,0.85454303,0.857345],[0.69320685,0.6928901,0.14675693,0.58148545,0.57694894,0.7755131,0.77116805,0.77120745,0.7681307,0.7750649,0.76563764,0.7716468,0.7640827,0.7718665,0.76851445,0.7656111,0.7739015,0.77126586,0.7704634,0.76914495,0.7512621,0.7557106,0.75481015,0.7607353,0.76822007,0.7708926,0.76554215,0.7634034,0.76738465,0.7768222,0.7708839,0.7696823,0.7736259,0.7825179,0.77686715,0.7693787,0.772625,0.77633464,0.7755132,0.8250242,0.8226686,0.8284012,0.83081007,0.828747,0.8262063,0.83438236,0.82249486,0.8199424,0.82088166,0.8196087,0.8267592,0.8310124,0.82337534,0.83106613,0.832292,0.81987894,0.8259264,0.82695645,0.8237889,0.8276902,0.82718235,0.83230394,0.82551235,0.8226351,0.82174367,0.82889265,0.82148397,0.82652646,0.82199025,0.81795424,0.83327854,0.8414521,0.8233746,0.82270974,0.82265806,0.8226308,0.83359367,0.8322457,0.82325745,0.8241337,0.82614887,0.82706314,0.8257618,0.8317469,0.81894284,0.8225242,0.8301201,0.8220386,0.8226467,0.8255703,0.85977316,0.8341839,0.8342515,0.87495863,0.85576665,0.86178124,0.84948355,0.85286736,0.84674984,0.850079],[0.66776115,0.6606747,0.58148545,0.0,0.21998964,0.7817273,0.7763887,0.7740267,0.7742536,0.78133607,0.770877,0.77594554,0.77086836,0.7682616,0.777722,0.77469784,0.7795986,0.7802624,0.7801779,0.7807871,0.7585443,0.7621003,0.76237905,0.7699811,0.77666384,0.77457505,0.77175874,0.7679052,0.771393,0.7844167,0.77548957,0.7768512,0.77758807,0.78543067,0.7802159,0.7746571,0.77598745,0.77918136,0.7761343,0.8276284,0.82283306,0.83248895,0.8339103,0.83289576,0.8278262,0.8349502,0.8238989,0.82232606,0.8245589,0.82165515,0.82833546,0.83264846,0.8239437,0.82909715,0.83095205,0.8239332,0.826931,0.82866323,0.8258833,0.8282992,0.82672936,0.83206606,0.8213962,0.82165915,0.82063055,0.8288518,0.8228964,0.8287488,0.82361805,0.8186941,0.8342731,0.8424161,0.8288044,0.82614595,0.82644343,0.82591563,0.8382992,0.83716697,0.82644683,0.8275212,0.8268884,0.8293982,0.82876015,0.8352219,0.8242124,0.82754976,0.8329394,0.82508296,0.8258887,0.82790136,0.8568762,0.83916646,0.8370233,0.87097406,0.85702986,0.86380136,0.8465619,0.8549971,0.84678835,0.8531373],[0.6606113,0.6608932,0.57694894,0.21998964,0.0,0.7806943,0.77364767,0.7708516,0.76848876,0.7776531,0.7675309,0.7730552,0.7668382,0.76328105,0.7742619,0.77313894,0.77866685,0.7771712,0.77673113,0.7778846,0.75489014,0.7593312,0.75938,0.76686937,0.7731257,0.77580434,0.76933825,0.76685894,0.76838183,0.78146535,0.77466756,0.7739054,0.776725,0.78548586,0.7807985,0.7730025,0.7726643,0.77729917,0.7755102,0.8201888,0.8208327,0.8282266,0.8261131,0.82747537,0.8283669,0.8352586,0.82070976,0.82025224,0.8219502,0.8194933,0.82621574,0.8274067,0.8214286,0.8294027,0.8312792,0.82188916,0.8257412,0.82726264,0.824259,0.827875,0.8286006,0.8316357,0.82357526,0.82269204,0.8183467,0.8270769,0.8230357,0.8264266,0.82212776,0.8195279,0.83303696,0.8407348,0.8279815,0.82406515,0.82451504,0.82585585,0.83789927,0.83651245,0.82405746,0.82732683,0.82811654,0.8281417,0.8276101,0.8343298,0.8209544,0.82222074,0.8326091,0.82322955,0.8227822,0.8256291,0.85819584,0.83860457,0.83596426,0.8722715,0.85622406,0.86268926,0.8476898,0.8517333,0.8469934,0.8498615],[0.7812044,0.77934957,0.7755131,0.7817273,0.7806943,0.0,0.55449843,0.54522336,0.54340833,0.5666747,0.54283524,0.5503389,0.5369761,0.53539443,0.5183744,0.508629,0.51783067,0.51384854,0.52224207,0.5054877,0.67148924,0.7041842,0.70454043,0.72633237,0.7317449,0.7275959,0.716484,0.7137465,0.64705414,0.66364527,0.6475117,0.64684016,0.6490185,0.665719,0.65902644,0.6671377,0.6648092,0.6720874,0.66268057,0.849569,0.8521913,0.8539766,0.85367566,0.8518947,0.82607526,0.83759147,0.82975346,0.8277046,0.82808363,0.8242289,0.8317782,0.83414537,0.82704014,0.83115345,0.83235466,0.82567453,0.82819957,0.8253698,0.8237837,0.8280452,0.8281292,0.8337023,0.82743394,0.82459885,0.8245006,0.8306295,0.8227455,0.8348176,0.8279373,0.82922596,0.8407284,0.84978926,0.8353937,0.83243895,0.83270246,0.8347307,0.8463774,0.84501797,0.83367985,0.83032733,0.8353888,0.83690846,0.83434427,0.84282315,0.834917,0.83853316,0.84472126,0.8291046,0.83234924,0.8333444,0.87006456,0.86738396,0.86770356,0.89021266,0.88179076,0.8854924,0.877559,0.8800153,0.8798146,0.8800478],[0.77810884,0.77820987,0.77116805,0.7763887,0.77364767,0.55449843,0.0,0.26980376,0.29597497,0.35061377,0.29656714,0.34254357,0.32138154,0.47472346,0.47846153,0.48149833,0.45583335,0.48382798,0.47668394,0.47289324,0.6806241,0.705815,0.708396,0.71492445,0.71600366,0.7056549,0.7047788,0.70330435,0.6573676,0.6784845,0.6583478,0.661937,0.6686823,0.6688963,0.6668478,0.673359,0.6811989,0.6773844,0.67596364,0.85107243,0.85072815,0.85434926,0.85463643,0.85470086,0.8261996,0.8357662,0.829083,0.82714367,0.8274808,0.82572466,0.81988394,0.8265272,0.8271657,0.8305652,0.833563,0.82569134,0.8276126,0.8282371,0.8265541,0.8274633,0.8242755,0.8346363,0.8147708,0.82632464,0.82563287,0.8144522,0.82171035,0.83296317,0.8296153,0.82947713,0.8320947,0.85091156,0.83487433,0.8330601,0.8326101,0.8346774,0.8431878,0.8401497,0.8351986,0.83762765,0.83283967,0.8367428,0.82247657,0.84210527,0.834629,0.83724016,0.84433055,0.8321397,0.8338283,0.8356331,0.870532,0.8518642,0.8665492,0.8929688,0.8801047,0.8835087,0.8782183,0.8772842,0.8776844,0.87727976],[0.7776026,0.7778016,0.77120745,0.7740267,0.7708516,0.54522336,0.26980376,0.0,0.31378478,0.34316072,0.29074073,0.32682687,0.301428,0.46276355,0.47732675,0.47365993,0.4454261,0.47510374,0.4872851,0.47068146,0.6840882,0.7058234,0.708134,0.717116,0.7244805,0.7236306,0.7119051,0.7117629,0.6541366,0.6704774,0.66795367,0.66237634,0.65747404,0.66998774,0.67870456,0.68247885,0.6812406,0.68993026,0.6803815,0.8509647,0.8508825,0.8539645,0.8550829,0.85484827,0.8202685,0.8349745,0.8277679,0.8254187,0.8261963,0.8242494,0.8298299,0.8336493,0.8248003,0.8290702,0.8330573,0.8233546,0.8233017,0.8212618,0.8171944,0.8289819,0.82519597,0.8343698,0.8254455,0.8247963,0.8228831,0.82680255,0.8192831,0.8345768,0.8242874,0.82712954,0.8404269,0.8499537,0.83331025,0.83091587,0.83198833,0.83367854,0.8445845,0.842998,0.8326776,0.8293119,0.83476907,0.8374282,0.8302727,0.84273416,0.83331037,0.8374648,0.84348726,0.8288574,0.8321168,0.8337778,0.8687824,0.86122096,0.86470973,0.88929915,0.8809241,0.8836168,0.8770064,0.8751233,0.8766089,0.8782778],[0.7720393,0.7723374,0.7681307,0.7742536,0.76848876,0.54340833,0.29597497,0.31378478,0.0,0.32777885,0.29799837,0.31809694,0.27877077,0.46106005,0.46146053,0.4671654,0.45951474,0.46903214,0.46099356,0.46138743,0.67684394,0.7024176,0.7087937,0.7191463,0.7126288,0.7074193,0.69574404,0.7047953,0.6588945,0.67465067,0.6566404,0.6539703,0.665267,0.66004616,0.66439694,0.66693103,0.6736527,0.6727429,0.6734597,0.85233897,0.85113597,0.8541626,0.8543029,0.85474235,0.8209979,0.8337731,0.8248417,0.82395077,0.8241498,0.8215236,0.8001838,0.8174788,0.82386,0.82824737,0.8310064,0.82061124,0.818643,0.8200042,0.8231939,0.82482207,0.8180439,0.83229816,0.794206,0.8197564,0.82130635,0.7980587,0.8200341,0.8301771,0.81841147,0.8252573,0.8311482,0.84660035,0.8310054,0.82781,0.8278814,0.8306535,0.8397736,0.8377234,0.8307024,0.833117,0.8275041,0.83216316,0.80850464,0.83812463,0.832302,0.8336684,0.84064907,0.8268064,0.8296074,0.8312611,0.8674404,0.8448872,0.86292976,0.89055216,0.8761565,0.88050634,0.8755591,0.876788,0.8763607,0.8747653],[0.77904326,0.7788098,0.7750649,0.78133607,0.7776531,0.5666747,0.35061377,0.34316072,0.32777885,0.012483281,0.30571935,0.27966926,0.27125177,0.4851221,0.49538568,0.49759385,0.49053615,0.49922958,0.5001712,0.48926735,0.683023,0.7115186,0.71572125,0.72988,0.73469687,0.72820026,0.7199584,0.7180367,0.6756126,0.69253886,0.6847736,0.68040687,0.6860246,0.69114864,0.68964493,0.69553626,0.6963457,0.6991026,0.69179785,0.8535403,0.8527543,0.8568705,0.85583305,0.8557552,0.82933974,0.82263786,0.824818,0.8249791,0.82626444,0.8239007,0.8266364,0.8286314,0.825887,0.83094275,0.8336317,0.82459563,0.8291925,0.8282171,0.8258625,0.82204354,0.82685304,0.8294659,0.8237517,0.82475424,0.82402104,0.8254422,0.821869,0.83128816,0.82806194,0.8274056,0.8219364,0.8448338,0.8321085,0.8298,0.829019,0.8307528,0.8402419,0.83954155,0.83118963,0.8332122,0.830092,0.83266467,0.82601964,0.8380602,0.83482647,0.83608466,0.84340435,0.8311628,0.8328949,0.8341904,0.87157756,0.86183953,0.866637,0.89348364,0.880405,0.8843995,0.87987137,0.8794313,0.87856585,0.8780701],[0.76979303,0.7699243,0.76563764,0.770877,0.7675309,0.54283524,0.29656714,0.29074073,0.29799837,0.30571935,0.00024172105,0.28401172,0.2685097,0.46263778,0.45111588,0.46047467,0.4573331,0.47186422,0.47272396,0.46586534,0.6727288,0.6947738,0.70671755,0.71561354,0.7217856,0.7174393,0.70594215,0.7013938,0.65651995,0.6775687,0.66661364,0.6613855,0.6682325,0.6755038,0.672854,0.6797911,0.6832112,0.6860374,0.67561555,0.8493976,0.8487337,0.8518592,0.85201555,0.85214627,0.82679355,0.8326796,0.8233099,0.8218928,0.8221112,0.81936985,0.82297486,0.82801723,0.821667,0.8252454,0.8286382,0.8204174,0.8271805,0.82440853,0.82143617,0.8228651,0.824456,0.82865626,0.821421,0.82134706,0.81996197,0.8217485,0.81611425,0.8279806,0.8241913,0.82272726,0.8314337,0.8448083,0.8291832,0.8268615,0.826267,0.8276895,0.83759844,0.83619136,0.8280685,0.83061016,0.8272104,0.8295432,0.82338065,0.8349779,0.82903963,0.83145154,0.8381921,0.82568806,0.82828283,0.8293019,0.8679949,0.8575864,0.86236644,0.88902134,0.87546617,0.8802318,0.87394786,0.87508255,0.8741354,0.8742253],[0.77412325,0.7761225,0.7716468,0.77594554,0.7730552,0.5503389,0.34254357,0.32682687,0.31809694,0.27966926,0.28401172,0.0,0.24637076,0.47528413,0.48424706,0.48033053,0.47559324,0.48119178,0.48893166,0.47459322,0.67696184,0.7065512,0.7010833,0.72456765,0.7317451,0.7311615,0.72015965,0.7169483,0.6684131,0.68608993,0.67955714,0.67404866,0.67711866,0.69044983,0.6882167,0.68939805,0.69009244,0.6976271,0.6882759,0.84944767,0.8512413,0.8530686,0.8525497,0.85030407,0.8246102,0.83287954,0.8228715,0.8211146,0.82219875,0.81936395,0.8270274,0.8303654,0.819951,0.8259513,0.829473,0.82155526,0.82503784,0.82256615,0.81597054,0.8245269,0.82527083,0.8285752,0.8224221,0.81932074,0.8203457,0.8246254,0.8169378,0.829322,0.82470554,0.8246967,0.8371822,0.84695673,0.8281303,0.8272216,0.82704663,0.82858497,0.8424173,0.84135795,0.8289527,0.82764196,0.82919836,0.83358467,0.82832414,0.83952796,0.8321862,0.83491063,0.84054106,0.82321006,0.82820976,0.82991004,0.8692171,0.86455745,0.8648422,0.891121,0.8799845,0.88384026,0.87709314,0.8765504,0.8768531,0.8768401],[0.7694111,0.7702634,0.7640827,0.77086836,0.7668382,0.5369761,0.32138154,0.301428,0.27877077,0.27125177,0.2685097,0.24637076,0.0,0.4502478,0.45789027,0.4558391,0.44997615,0.4555834,0.4603204,0.44453013,0.6669143,0.7004637,0.70229423,0.71753377,0.7249056,0.72176415,0.71284634,0.7094423,0.65753996,0.6784433,0.6676752,0.6616769,0.6666667,0.68328583,0.6764148,0.67944026,0.6817125,0.68254095,0.6784053,0.84635687,0.84768444,0.8508035,0.85012364,0.8507112,0.82324505,0.8295692,0.8198047,0.81897444,0.818643,0.8164604,0.8216484,0.8257287,0.81873816,0.82324904,0.8282337,0.81838363,0.82413495,0.8210511,0.8199813,0.82419676,0.8243971,0.8281677,0.81900126,0.81808966,0.8181623,0.8219053,0.8152616,0.828613,0.8233744,0.8205766,0.8334231,0.84497297,0.82686186,0.8251763,0.8255616,0.82708997,0.841611,0.8397928,0.8270613,0.82939947,0.8284032,0.832573,0.82464486,0.83892703,0.83043236,0.8337884,0.8421087,0.8247343,0.82745427,0.8279112,0.8667666,0.860248,0.86129034,0.88783795,0.8779586,0.88261294,0.87338924,0.8742479,0.87287843,0.8745794],[0.7719018,0.7725694,0.7718665,0.7682616,0.76328105,0.53539443,0.47472346,0.46276355,0.46106005,0.4851221,0.46263778,0.47528413,0.4502478,0.1878566,0.44471675,0.4394401,0.4418206,0.44945946,0.45509923,0.43614668,0.67581433,0.7062024,0.708726,0.7208102,0.7254092,0.7262299,0.7182561,0.71351266,0.65671515,0.67388344,0.66669375,0.660405,0.65695435,0.6662639,0.6756226,0.6768944,0.6741468,0.68554395,0.6806395,0.84496987,0.8444859,0.84836036,0.8471834,0.84722584,0.8099111,0.8125538,0.81784576,0.8162965,0.81745106,0.81510514,0.8228852,0.8267473,0.81883955,0.823154,0.8239256,0.8173593,0.81196344,0.81097174,0.8107521,0.8215363,0.8202171,0.8276447,0.8171015,0.8158103,0.8145672,0.821875,0.81273055,0.8293689,0.81299907,0.8203227,0.82112056,0.844614,0.8274821,0.82374805,0.8237041,0.82778907,0.8398052,0.8385089,0.8275138,0.8218024,0.8279518,0.8314713,0.82611144,0.839194,0.82881874,0.8328356,0.83726877,0.8269257,0.8287884,0.83021873,0.8677709,0.8636364,0.8640693,0.8897093,0.8790204,0.8833172,0.8742726,0.87776977,0.8748467,0.87623537],[0.77205884,0.772985,0.76851445,0.777722,0.7742619,0.5183744,0.47846153,0.47732675,0.46146053,0.49538568,0.45111588,0.48424706,0.45789027,0.44471675,0.0,0.21244588,0.4428288,0.44298893,0.4380961,0.4280641,0.65806925,0.66799015,0.69401723,0.71911424,0.7225561,0.72110146,0.70809,0.7060113,0.62832004,0.6515223,0.63566595,0.63152254,0.6436949,0.65065026,0.6435074,0.65586746,0.66109955,0.6610102,0.6523422,0.84717584,0.8480563,0.8524134,0.8499176,0.85011584,0.82443595,0.8315077,0.821945,0.81990105,0.8204238,0.81750923,0.8225784,0.82577825,0.8204172,0.82349336,0.8253523,0.8175981,0.8237948,0.82225525,0.81760025,0.8177818,0.8188491,0.8273144,0.8186171,0.8181688,0.81598985,0.8194753,0.81419355,0.8273411,0.82321143,0.821215,0.8322036,0.8432641,0.8286112,0.8253979,0.82520324,0.8272841,0.8376538,0.836406,0.8259509,0.83004194,0.8272939,0.82883126,0.82273334,0.8369973,0.8320321,0.834589,0.84073496,0.8264274,0.8288455,0.8294611,0.8681365,0.859208,0.86243874,0.8910062,0.8767005,0.88112205,0.8743705,0.8766658,0.87554866,0.87434113],[0.7741398,0.7731147,0.7656111,0.77469784,0.77313894,0.508629,0.48149833,0.47365993,0.4671654,0.49759385,0.46047467,0.48033053,0.4558391,0.4394401,0.21244588,0.0,0.4394589,0.4316715,0.4335795,0.4197591,0.6558216,0.69094193,0.69371325,0.71586543,0.722252,0.7203894,0.70980114,0.7063967,0.6242491,0.6484604,0.63206995,0.62880427,0.6398007,0.6540536,0.6435978,0.6549371,0.66074026,0.662494,0.6540207,0.84605306,0.84576225,0.8508608,0.847816,0.848315,0.8205146,0.8300221,0.8208869,0.81843513,0.8182813,0.8148148,0.822601,0.82703,0.8185499,0.82222986,0.8238896,0.8160218,0.8219869,0.820511,0.8151309,0.8207574,0.81744593,0.8256943,0.8177543,0.8162913,0.8148753,0.8206309,0.81124294,0.8282002,0.8231552,0.81960183,0.83353376,0.84347826,0.826865,0.8237932,0.8255748,0.8275018,0.8395265,0.8376045,0.8229474,0.8288151,0.82766926,0.8319021,0.82541025,0.83771133,0.8290217,0.8335818,0.8392752,0.8249179,0.8276148,0.827175,0.86610025,0.8605421,0.8623309,0.890792,0.8782603,0.8825086,0.87487334,0.8753209,0.8761381,0.87637293],[0.78151137,0.7803826,0.7739015,0.7795986,0.77866685,0.51783067,0.45583335,0.4454261,0.45951474,0.49053615,0.4573331,0.47559324,0.44997615,0.4418206,0.4428288,0.4394589,0.12442706,0.40773726,0.44339278,0.42570513,0.68012017,0.70471,0.70953655,0.7155091,0.72240543,0.7182597,0.7142745,0.7148456,0.64832234,0.649192,0.6567543,0.6484713,0.6427093,0.63239634,0.6646061,0.65906155,0.65396076,0.6775568,0.66995585,0.84857047,0.84874934,0.85298824,0.8527579,0.8528799,0.79545295,0.8332554,0.8277722,0.82397664,0.82618475,0.8225055,0.8215241,0.8271339,0.8261276,0.8283664,0.8284103,0.8202907,0.8041288,0.7997021,0.8176466,0.8281806,0.8188772,0.834121,0.8180244,0.82028645,0.82142353,0.81539834,0.8210693,0.83576167,0.8075551,0.8273818,0.8388493,0.84964794,0.83418316,0.8318467,0.8328536,0.8349582,0.84512025,0.8431477,0.83346105,0.83071077,0.8360353,0.8383056,0.82313204,0.84272283,0.83304334,0.83630085,0.84219813,0.82976943,0.83216256,0.8331952,0.8685496,0.8573321,0.8645508,0.8904784,0.87947947,0.88361734,0.8748139,0.8755641,0.874625,0.87734675],[0.77809185,0.77646893,0.77126586,0.7802624,0.7771712,0.51384854,0.48382798,0.47510374,0.46903214,0.49922958,0.47186422,0.48119178,0.4555834,0.44945946,0.44298893,0.4316715,0.40773726,0.048514184,0.25176182,0.27920935,0.66407067,0.69567883,0.69831556,0.72290903,0.7234457,0.71917504,0.7131724,0.71510607,0.65547645,0.64820266,0.6515346,0.64824325,0.6448479,0.64968884,0.6665635,0.6578399,0.64525163,0.67152494,0.66972476,0.8461435,0.84739166,0.84934556,0.8489915,0.84654665,0.79984725,0.8297496,0.8222881,0.8198295,0.82126844,0.8166285,0.81493884,0.82380694,0.8215873,0.8248743,0.82691044,0.8190039,0.80558497,0.796122,0.8169843,0.82228315,0.81393915,0.8259742,0.8126982,0.81605256,0.8175385,0.8145079,0.81219494,0.829534,0.80490375,0.822879,0.83403116,0.8455932,0.82737076,0.82516956,0.8268395,0.828634,0.84131277,0.8396152,0.827081,0.8278416,0.8281481,0.8329032,0.8187868,0.83914703,0.8293981,0.83416253,0.84031516,0.8239359,0.8274627,0.82854235,0.86736315,0.85934806,0.8667447,0.888954,0.87980956,0.88229346,0.87540483,0.8778008,0.8758978,0.87685615],[0.778524,0.77689976,0.7704634,0.7801779,0.77673113,0.52224207,0.47668394,0.4872851,0.46099356,0.5001712,0.47272396,0.48893166,0.4603204,0.45509923,0.4380961,0.4335795,0.44339278,0.25176182,0.0,0.28637722,0.6646601,0.69821715,0.70316267,0.7262757,0.7209163,0.7073301,0.7067005,0.71002233,0.6551696,0.6650322,0.65106416,0.64510417,0.65440303,0.6648932,0.65639627,0.6597694,0.66671896,0.6630494,0.6625118,0.84750795,0.8483297,0.8519438,0.84970725,0.85005224,0.814764,0.83070064,0.82088405,0.8207865,0.8212963,0.81809086,0.80949074,0.81407684,0.8212823,0.8254543,0.82686234,0.8192849,0.8202537,0.81097645,0.8196572,0.82134026,0.80996287,0.8270957,0.8062434,0.81682163,0.81813765,0.8063668,0.8132249,0.830431,0.8205911,0.82332504,0.8299284,0.84520596,0.8278041,0.82560134,0.8280022,0.8286653,0.8404536,0.83820635,0.82847565,0.83057517,0.8253293,0.8306131,0.8097302,0.83859044,0.83110595,0.8334219,0.8407227,0.82565296,0.8279686,0.8280168,0.8695444,0.85247433,0.8651211,0.89142525,0.8786988,0.88235295,0.8747932,0.87805665,0.87595713,0.87467915],[0.77641743,0.7764381,0.76914495,0.7807871,0.7778846,0.5054877,0.47289324,0.47068146,0.46138743,0.48926735,0.46586534,0.47459322,0.44453013,0.43614668,0.4280641,0.4197591,0.42570513,0.27920935,0.28637722,0.0,0.6595833,0.6977697,0.69954145,0.7245659,0.73202515,0.7274911,0.7191786,0.7145113,0.6469996,0.6680038,0.65518665,0.6520198,0.6576189,0.67373407,0.6654972,0.67171633,0.6745443,0.67568856,0.66841894,0.8473717,0.84781855,0.8510123,0.8501772,0.8488333,0.82419276,0.83142513,0.82379013,0.82006204,0.82232165,0.81711,0.827003,0.83055055,0.8210128,0.8257241,0.82859266,0.81824917,0.8255216,0.82032824,0.8191712,0.8224952,0.82468534,0.82853043,0.8203,0.81924134,0.81887627,0.8253312,0.81175697,0.8306011,0.825425,0.8232028,0.83660173,0.84712535,0.8282321,0.82596433,0.8281882,0.829447,0.84242547,0.8404656,0.82817894,0.830751,0.82958245,0.83317447,0.8268549,0.84026414,0.8305597,0.83534545,0.8420049,0.82692444,0.82929033,0.8304872,0.8695776,0.8632531,0.8656216,0.8901467,0.88103867,0.88521934,0.8749915,0.87851524,0.8758058,0.8770173],[0.75055796,0.7515183,0.7512621,0.7585443,0.75489014,0.67148924,0.6806241,0.6840882,0.67684394,0.683023,0.6727288,0.67696184,0.6669143,0.67581433,0.65806925,0.6558216,0.68012017,0.66407067,0.6646601,0.6595833,0.0043225884,0.4625174,0.46618468,0.67702574,0.687084,0.6807411,0.66756207,0.65758497,0.61044663,0.635508,0.6135726,0.61297977,0.6227515,0.6366029,0.63015044,0.60699886,0.611444,0.6158065,0.60886073,0.8355512,0.83658487,0.8399891,0.8397574,0.8364549,0.8075852,0.8141043,0.8009026,0.79818237,0.8011631,0.7966609,0.8072712,0.8132037,0.79957104,0.8080794,0.81134915,0.7989931,0.8062785,0.8018558,0.8013293,0.80480826,0.807357,0.80969864,0.799439,0.79991186,0.80031866,0.80611664,0.79866016,0.81475514,0.80999714,0.8071487,0.82092595,0.8330897,0.80932236,0.80834645,0.8101439,0.80929536,0.8255448,0.8241288,0.80928534,0.8108108,0.8122059,0.81327426,0.8084095,0.82789594,0.81590164,0.8201906,0.8289832,0.80708015,0.8117597,0.81141156,0.8603516,0.8529311,0.8552241,0.8858805,0.8702187,0.8747955,0.8686931,0.8717674,0.8672835,0.87161],[0.75992495,0.7606383,0.7557106,0.7621003,0.7593312,0.7041842,0.705815,0.7058234,0.7024176,0.7115186,0.6947738,0.7065512,0.7004637,0.7062024,0.66799015,0.69094193,0.70471,0.69567883,0.69821715,0.6977697,0.4625174,0.0331907,0.18989749,0.6863349,0.69406325,0.68775845,0.67746526,0.6737177,0.6454814,0.65983605,0.6530728,0.65019745,0.6535584,0.6611754,0.6586282,0.63906634,0.64194643,0.6450278,0.6442872,0.8405649,0.84164286,0.8440476,0.8454671,0.84389436,0.8132468,0.8217368,0.8104158,0.80841124,0.8100369,0.8070061,0.81339645,0.8171838,0.8102917,0.8202194,0.82322496,0.8075549,0.81275123,0.81107885,0.8107725,0.8120651,0.8135044,0.8203387,0.8112664,0.8124111,0.81455564,0.8139519,0.81198835,0.8210684,0.8157876,0.8155591,0.8244543,0.83815783,0.8168827,0.8162372,0.8163808,0.8144122,0.82686764,0.82504666,0.81365377,0.8152677,0.8162595,0.81556547,0.808988,0.83366567,0.826485,0.8276857,0.8339056,0.81285614,0.8176269,0.81820685,0.860685,0.85600644,0.86159104,0.8857143,0.8727717,0.87600714,0.87176406,0.8742566,0.8709482,0.8723253],[0.7584755,0.7604063,0.75481015,0.76237905,0.75938,0.70454043,0.708396,0.708134,0.7087937,0.71572125,0.70671755,0.7010833,0.70229423,0.708726,0.69401723,0.69371325,0.70953655,0.69831556,0.70316267,0.69954145,0.46618468,0.18989749,0.0,0.6886778,0.69960564,0.6934704,0.6838304,0.6765674,0.64949536,0.6640262,0.65669745,0.6554595,0.6550153,0.66942585,0.6660769,0.6442672,0.6461661,0.65252054,0.65101945,0.8389112,0.84145355,0.8433822,0.84231067,0.8408868,0.8110473,0.8218621,0.8103436,0.80752355,0.80964285,0.80733156,0.816073,0.8191174,0.80871725,0.8198916,0.8218647,0.80632836,0.8107599,0.81018066,0.8063655,0.81435233,0.8155908,0.81891334,0.8105092,0.8111603,0.8137106,0.81772995,0.8118276,0.81969535,0.8136956,0.8145968,0.8257025,0.8370252,0.8128239,0.8130976,0.81592417,0.8145522,0.82769114,0.8269672,0.80962574,0.8108516,0.81412995,0.8180546,0.8115902,0.8354286,0.8239984,0.82758623,0.83329064,0.8094189,0.81604123,0.8164488,0.86120135,0.8588933,0.8612518,0.88675696,0.8741368,0.87870383,0.87144834,0.87457234,0.8718391,0.8739555],[0.77494925,0.77498376,0.7607353,0.7699811,0.76686937,0.72633237,0.71492445,0.717116,0.7191463,0.72988,0.71561354,0.72456765,0.71753377,0.7208102,0.71911424,0.71586543,0.7155091,0.72290903,0.7262757,0.7245659,0.67702574,0.6863349,0.6886778,0.0,0.29241025,0.3959243,0.4386331,0.44742328,0.5978918,0.620751,0.6085406,0.60596305,0.61006606,0.62977433,0.62360054,0.5924138,0.60158354,0.6159378,0.60797983,0.8496867,0.849415,0.8533787,0.85329795,0.8545781,0.8191983,0.83161557,0.81995946,0.8177474,0.8176832,0.8159437,0.8222847,0.827617,0.8158124,0.82627755,0.82525253,0.81102884,0.8167775,0.821449,0.820808,0.8252257,0.82574284,0.831517,0.8190442,0.8187531,0.81832373,0.8189903,0.8179197,0.82782143,0.8212512,0.81926745,0.83169115,0.8437441,0.82473934,0.8237276,0.8251803,0.82398033,0.8348108,0.8327163,0.82486314,0.82932925,0.82841986,0.82883924,0.8199348,0.8403951,0.82757413,0.8308383,0.8379478,0.8269889,0.829824,0.83052844,0.8659142,0.8609343,0.8655971,0.89041185,0.8789741,0.88392514,0.87604815,0.87722087,0.87494886,0.8797101],[0.78045666,0.77978086,0.76822007,0.77666384,0.7731257,0.7317449,0.71600366,0.7244805,0.7126288,0.73469687,0.7217856,0.7317451,0.7249056,0.7254092,0.7225561,0.722252,0.72240543,0.7234457,0.7209163,0.73202515,0.687084,0.69406325,0.69960564,0.29241025,0.0,0.3966289,0.437669,0.45650366,0.6136497,0.626257,0.61719644,0.61560696,0.620948,0.6288021,0.6270115,0.5889084,0.59663236,0.6028026,0.6082619,0.8548832,0.8541526,0.8578143,0.8580787,0.85860294,0.8224518,0.83797747,0.82448524,0.82363075,0.82429343,0.82100666,0.81609994,0.8255665,0.823671,0.83220625,0.83202845,0.81873286,0.8193919,0.82157385,0.8261356,0.82938355,0.8239432,0.8346378,0.8131699,0.8223123,0.82399446,0.8113103,0.8239352,0.8351071,0.8253054,0.8279776,0.83508474,0.8496628,0.8319126,0.8305805,0.83180344,0.8296337,0.84042966,0.8388604,0.83288836,0.835346,0.83338946,0.83373207,0.8124825,0.84351707,0.83255816,0.8354641,0.84315616,0.8334925,0.83650213,0.83752537,0.8690096,0.84585327,0.86866915,0.8930387,0.87993973,0.88356596,0.87879187,0.8814868,0.87788755,0.88064104],[0.7791196,0.77834797,0.7708926,0.77457505,0.77580434,0.7275959,0.7056549,0.7236306,0.7074193,0.72820026,0.7174393,0.7311615,0.72176415,0.7262299,0.72110146,0.7203894,0.7182597,0.71917504,0.7073301,0.7274911,0.6807411,0.68775845,0.6934704,0.3959243,0.3966289,0.14233023,0.33914077,0.38588122,0.6138647,0.6284883,0.5910667,0.6096571,0.6131697,0.61372954,0.61907077,0.5950768,0.6013045,0.6030192,0.61389613,0.8506851,0.8489534,0.85308367,0.85487884,0.85441136,0.8180631,0.83217835,0.8215119,0.82151395,0.821601,0.8197242,0.8104901,0.8137983,0.8217525,0.832368,0.8315769,0.8161288,0.81708425,0.8187354,0.8241805,0.82476413,0.8145016,0.83269787,0.80899113,0.82008076,0.82466674,0.80916137,0.8231997,0.82998246,0.8215299,0.8233628,0.8303014,0.84420335,0.8284147,0.8282158,0.8277904,0.8262771,0.8354447,0.8333333,0.8276316,0.83242035,0.8291803,0.8296306,0.80719906,0.84052354,0.82956976,0.8327397,0.83910036,0.82928324,0.83123446,0.8315883,0.86768,0.84794146,0.86500555,0.8909174,0.8767562,0.8791258,0.8739418,0.8781104,0.8762955,0.8768788],[0.7716433,0.7706277,0.76554215,0.77175874,0.76933825,0.716484,0.7047788,0.7119051,0.69574404,0.7199584,0.70594215,0.72015965,0.71284634,0.7182561,0.70809,0.70980114,0.7142745,0.7131724,0.7067005,0.7191786,0.66756207,0.67746526,0.6838304,0.4386331,0.437669,0.33914077,0.019572742,0.23647638,0.60109615,0.6160116,0.58958524,0.59332544,0.6005353,0.6131697,0.6092878,0.58070517,0.59267676,0.5939586,0.60450137,0.85,0.8475238,0.8522893,0.8536521,0.8543953,0.8155054,0.8309484,0.81770873,0.81787646,0.8184986,0.8171175,0.80404925,0.8152954,0.8191887,0.82754165,0.8270516,0.8131239,0.81480426,0.815243,0.8206622,0.82218814,0.8181503,0.82863504,0.80669993,0.81660503,0.81977606,0.80681896,0.8194822,0.8278132,0.81943953,0.8224515,0.82922757,0.84485656,0.8237478,0.8253692,0.82492626,0.8238172,0.82856953,0.8299242,0.82420266,0.8278411,0.8248541,0.8246054,0.8031862,0.836901,0.8290177,0.82778454,0.83596814,0.8248505,0.8272946,0.828069,0.8662061,0.84579724,0.86474675,0.8902334,0.8758818,0.8803424,0.87512606,0.8775685,0.8757024,0.87697613],[0.7668122,0.7647144,0.7634034,0.7679052,0.76685894,0.7137465,0.70330435,0.7117629,0.7047953,0.7180367,0.7013938,0.7169483,0.7094423,0.71351266,0.7060113,0.7063967,0.7148456,0.71510607,0.71002233,0.7145113,0.65758497,0.6737177,0.6765674,0.44742328,0.45650366,0.38588122,0.23647638,0.0,0.5944382,0.6176185,0.5947515,0.5987775,0.6019287,0.61476004,0.60918975,0.5898957,0.5992601,0.6059449,0.5954192,0.8477992,0.8461009,0.84924555,0.85071564,0.85030615,0.82141364,0.83027065,0.81802577,0.815946,0.8183938,0.8158837,0.8174011,0.8221197,0.8186611,0.8272355,0.8270636,0.81439507,0.8201664,0.819609,0.81727815,0.8201192,0.817307,0.82658803,0.8135979,0.81818837,0.81859344,0.81619656,0.8183647,0.8254034,0.82367474,0.8215942,0.8272831,0.8438418,0.8222582,0.8243896,0.82335496,0.8211725,0.82937825,0.82821137,0.8213985,0.8249236,0.8203887,0.8222071,0.81391215,0.8371141,0.826257,0.8301874,0.83432883,0.82148355,0.82463175,0.8257282,0.86563784,0.85106236,0.8614831,0.8888372,0.8722948,0.8777756,0.87424016,0.875447,0.8731272,0.8735512],[0.77334213,0.77311474,0.76738465,0.771393,0.76838183,0.64705414,0.6573676,0.6541366,0.6588945,0.6756126,0.65651995,0.6684131,0.65753996,0.65671515,0.62832004,0.6242491,0.64832234,0.65547645,0.6551696,0.6469996,0.61044663,0.6454814,0.64949536,0.5978918,0.6136497,0.6138647,0.60109615,0.5944382,0.003464489,0.29475167,0.2856541,0.28409448,0.29431817,0.32778212,0.32324347,0.43991148,0.4471544