<html>
<head>
<script src="https://cdn.plot.ly/plotly-1.54.7.min.js"></script>
</head>
<body>
  <script>
    gd = (function() {
  var WIDTH_IN_PERCENT_OF_PARENT = 100;
  var HEIGHT_IN_PERCENT_OF_PARENT = 100;
  var gd = Plotly.d3.select('body')
    .append('div').attr("id", "193b000d-5423-4764-bb44-a2d77c046e53")
    .style({
      width: WIDTH_IN_PERCENT_OF_PARENT + '%',
      'margin-left': (100 - WIDTH_IN_PERCENT_OF_PARENT) / 2 + '%',
      height: HEIGHT_IN_PERCENT_OF_PARENT + 'vh',
      'margin-top': (100 - HEIGHT_IN_PERCENT_OF_PARENT) / 2 + 'vh'
    })
    .node();
  var plot_json = {"layout":{"showlegend":false,"xaxis":{"scaleanchor":"y","visible":false,"domain":[0.504950495049505,1.0]},"hovermode":"closest","xaxis2":{"rangemode":"nonnegative","domain":[0.0,0.49504950495049505],"autorange":"reversed"},"height":550,"margin":{"l":50,"b":50,"r":50,"t":60},"yaxis":{"scaleanchor":"x","visible":false},"title":"Clostridium botulinum, 116 genomes, 32 overlaps, min inter = 0.5189","width":1000},"frames":[],"data":[{"xaxis":"x","y":[0.5,2.5,3.5,4.5,5.5,6.5,7.5,8.5,9.5,10.5,11.5,12.5,14.914213562373096,15.914213562373096,16.914213562373096,17.914213562373096,18.914213562373096,19.914213562373096,20.914213562373096,21.914213562373096,22.914213562373096,23.914213562373096,24.914213562373096,25.914213562373096,26.914213562373096,27.914213562373096,28.914213562373096,29.914213562373096,30.914213562373096,32.91421356237309,33.91421356237309,34.91421356237309,35.91421356237309,36.91421356237309,37.91421356237309,38.91421356237309,39.91421356237309,40.91421356237309,41.91421356237309,44.328427124746185,45.328427124746185,46.328427124746185,47.328427124746185,48.328427124746185,49.328427124746185,50.328427124746185,51.328427124746185,52.328427124746185,53.328427124746185,54.328427124746185,55.328427124746185,56.328427124746185,57.328427124746185,58.328427124746185,59.328427124746185,60.328427124746185,61.328427124746185,62.328427124746185,63.328427124746185,64.32842712474618,65.32842712474618,66.32842712474618,68.74264068711928,69.74264068711928,70.74264068711928,71.74264068711928,72.74264068711928,73.74264068711928,76.15685424949237,77.15685424949237,78.15685424949237,80.15685424949237,81.15685424949237,82.15685424949237,83.15685424949237,85.15685424949237,86.15685424949237,87.15685424949237,88.15685424949237,89.15685424949237,90.15685424949237,91.15685424949237,92.15685424949237,93.15685424949237,95.57106781186546,96.57106781186546,97.57106781186546,98.57106781186546,99.57106781186546,100.57106781186546,101.57106781186546,102.57106781186546,103.57106781186546,104.57106781186546,105.57106781186546,106.57106781186546,107.57106781186546,108.57106781186546,110.57106781186546,112.57106781186546,113.57106781186546],"type":"heatmap","colorscale":[[0.0,"#000004"],[0.00392156862745098,"#010005"],[0.00784313725490196,"#010106"],[0.011764705882352941,"#010108"],[0.01568627450980392,"#020109"],[0.0196078431372549,"#02020B"],[0.023529411764705882,"#02020D"],[0.027450980392156862,"#03030F"],[0.03137254901960784,"#030312"],[0.03529411764705882,"#040414"],[0.0392156862745098,"#050416"],[0.043137254901960784,"#060518"],[0.047058823529411764,"#06051A"],[0.050980392156862744,"#07061C"],[0.054901960784313725,"#08071E"],[0.058823529411764705,"#090720"],[0.06274509803921569,"#0A0822"],[0.06666666666666667,"#0B0924"],[0.07058823529411765,"#0C0926"],[0.07450980392156863,"#0D0A29"],[0.0784313725490196,"#0E0B2B"],[0.08235294117647059,"#100B2D"],[0.08627450980392157,"#110C2F"],[0.09019607843137255,"#120D31"],[0.09411764705882353,"#130D34"],[0.09803921568627451,"#140E36"],[0.10196078431372549,"#150E38"],[0.10588235294117647,"#160F3B"],[0.10980392156862745,"#180F3D"],[0.11372549019607843,"#19103F"],[0.11764705882352941,"#1A1042"],[0.12156862745098039,"#1C1044"],[0.12549019607843137,"#1D1147"],[0.12941176470588237,"#1E1149"],[0.13333333333333333,"#20114B"],[0.13725490196078433,"#21114E"],[0.1411764705882353,"#221150"],[0.1450980392156863,"#241253"],[0.14901960784313725,"#251255"],[0.15294117647058825,"#271258"],[0.1568627450980392,"#29115A"],[0.1607843137254902,"#2A115C"],[0.16470588235294117,"#2C115F"],[0.16862745098039217,"#2D1161"],[0.17254901960784313,"#2F1163"],[0.17647058823529413,"#311165"],[0.1803921568627451,"#331067"],[0.1843137254901961,"#341069"],[0.18823529411764706,"#36106B"],[0.19215686274509805,"#38106C"],[0.19607843137254902,"#390F6E"],[0.2,"#3B0F70"],[0.20392156862745098,"#3D0F71"],[0.20784313725490197,"#3F0F72"],[0.21176470588235294,"#400F74"],[0.21568627450980393,"#420F75"],[0.2196078431372549,"#440F76"],[0.2235294117647059,"#451077"],[0.22745098039215686,"#471078"],[0.23137254901960785,"#491078"],[0.23529411764705882,"#4A1079"],[0.23921568627450981,"#4C117A"],[0.24313725490196078,"#4E117B"],[0.24705882352941178,"#4F127B"],[0.25098039215686274,"#51127C"],[0.2549019607843137,"#52137C"],[0.25882352941176473,"#54137D"],[0.2627450980392157,"#56147D"],[0.26666666666666666,"#57157E"],[0.27058823529411763,"#59157E"],[0.27450980392156865,"#5A167E"],[0.2784313725490196,"#5C167F"],[0.2823529411764706,"#5D177F"],[0.28627450980392155,"#5F187F"],[0.2901960784313726,"#601880"],[0.29411764705882354,"#621980"],[0.2980392156862745,"#641A80"],[0.30196078431372547,"#651A80"],[0.3058823529411765,"#671B80"],[0.30980392156862746,"#681C81"],[0.3137254901960784,"#6A1C81"],[0.3176470588235294,"#6B1D81"],[0.3215686274509804,"#6D1D81"],[0.3254901960784314,"#6E1E81"],[0.32941176470588235,"#701F81"],[0.3333333333333333,"#721F81"],[0.33725490196078434,"#732081"],[0.3411764705882353,"#752181"],[0.34509803921568627,"#762181"],[0.34901960784313724,"#782281"],[0.35294117647058826,"#792282"],[0.3568627450980392,"#7B2382"],[0.3607843137254902,"#7C2382"],[0.36470588235294116,"#7E2482"],[0.3686274509803922,"#802582"],[0.37254901960784315,"#812581"],[0.3764705882352941,"#832681"],[0.3803921568627451,"#842681"],[0.3843137254901961,"#862781"],[0.38823529411764707,"#882781"],[0.39215686274509803,"#892881"],[0.396078431372549,"#8B2981"],[0.4,"#8C2981"],[0.403921568627451,"#8E2A81"],[0.40784313725490196,"#902A81"],[0.4117647058823529,"#912B81"],[0.41568627450980394,"#932B80"],[0.4196078431372549,"#942C80"],[0.4235294117647059,"#962C80"],[0.42745098039215684,"#982D80"],[0.43137254901960786,"#992D80"],[0.43529411764705883,"#9B2E7F"],[0.4392156862745098,"#9C2E7F"],[0.44313725490196076,"#9E2F7F"],[0.4470588235294118,"#A02F7F"],[0.45098039215686275,"#A1307E"],[0.4549019607843137,"#A3307E"],[0.4588235294117647,"#A5317E"],[0.4627450980392157,"#A6317D"],[0.4666666666666667,"#A8327D"],[0.47058823529411764,"#AA337D"],[0.4745098039215686,"#AB337C"],[0.47843137254901963,"#AD347C"],[0.4823529411764706,"#AE347B"],[0.48627450980392156,"#B0357B"],[0.49019607843137253,"#B2357B"],[0.49411764705882355,"#B3367A"],[0.4980392156862745,"#B5367A"],[0.5019607843137255,"#B73779"],[0.5058823529411764,"#B83779"],[0.5098039215686274,"#BA3878"],[0.5137254901960784,"#BC3978"],[0.5176470588235295,"#BD3977"],[0.5215686274509804,"#BF3A77"],[0.5254901960784314,"#C03A76"],[0.5294117647058824,"#C23B75"],[0.5333333333333333,"#C43C75"],[0.5372549019607843,"#C53C74"],[0.5411764705882353,"#C73D73"],[0.5450980392156862,"#C83E73"],[0.5490196078431373,"#CA3E72"],[0.5529411764705883,"#CC3F71"],[0.5568627450980392,"#CD4071"],[0.5607843137254902,"#CF4070"],[0.5647058823529412,"#D0416F"],[0.5686274509803921,"#D2426F"],[0.5725490196078431,"#D3436E"],[0.5764705882352941,"#D5446D"],[0.5803921568627451,"#D6456C"],[0.5843137254901961,"#D8456C"],[0.5882352941176471,"#D9466B"],[0.592156862745098,"#DB476A"],[0.596078431372549,"#DC4869"],[0.6,"#DE4968"],[0.6039215686274509,"#DF4A68"],[0.6078431372549019,"#E04C67"],[0.611764705882353,"#E24D66"],[0.615686274509804,"#E34E65"],[0.6196078431372549,"#E44F64"],[0.6235294117647059,"#E55064"],[0.6274509803921569,"#E75263"],[0.6313725490196078,"#E85362"],[0.6352941176470588,"#E95462"],[0.6392156862745098,"#EA5661"],[0.6431372549019608,"#EB5760"],[0.6470588235294118,"#EC5860"],[0.6509803921568628,"#ED5A5F"],[0.6549019607843137,"#EE5B5E"],[0.6588235294117647,"#EF5D5E"],[0.6627450980392157,"#F05F5E"],[0.6666666666666666,"#F1605D"],[0.6705882352941176,"#F2625D"],[0.6745098039215687,"#F2645C"],[0.6784313725490196,"#F3655C"],[0.6823529411764706,"#F4675C"],[0.6862745098039216,"#F4695C"],[0.6901960784313725,"#F56B5C"],[0.6941176470588235,"#F66C5C"],[0.6980392156862745,"#F66E5C"],[0.7019607843137254,"#F7705C"],[0.7058823529411765,"#F7725C"],[0.7098039215686275,"#F8745C"],[0.7137254901960784,"#F8765C"],[0.7176470588235294,"#F9785D"],[0.7215686274509804,"#F9795D"],[0.7254901960784313,"#F97B5D"],[0.7294117647058823,"#FA7D5E"],[0.7333333333333333,"#FA7F5E"],[0.7372549019607844,"#FA815F"],[0.7411764705882353,"#FB835F"],[0.7450980392156863,"#FB8560"],[0.7490196078431373,"#FB8761"],[0.7529411764705882,"#FC8961"],[0.7568627450980392,"#FC8A62"],[0.7607843137254902,"#FC8C63"],[0.7647058823529411,"#FC8E64"],[0.7686274509803922,"#FC9065"],[0.7725490196078432,"#FD9266"],[0.7764705882352941,"#FD9467"],[0.7803921568627451,"#FD9668"],[0.7843137254901961,"#FD9869"],[0.788235294117647,"#FD9A6A"],[0.792156862745098,"#FD9B6B"],[0.796078431372549,"#FE9D6C"],[0.8,"#FE9F6D"],[0.803921568627451,"#FEA16E"],[0.807843137254902,"#FEA36F"],[0.8117647058823529,"#FEA571"],[0.8156862745098039,"#FEA772"],[0.8196078431372549,"#FEA973"],[0.8235294117647058,"#FEAA74"],[0.8274509803921568,"#FEAC76"],[0.8313725490196079,"#FEAE77"],[0.8352941176470589,"#FEB078"],[0.8392156862745098,"#FEB27A"],[0.8431372549019608,"#FEB47B"],[0.8470588235294118,"#FEB67C"],[0.8509803921568627,"#FEB77E"],[0.8549019607843137,"#FEB97F"],[0.8588235294117647,"#FEBB81"],[0.8627450980392157,"#FEBD82"],[0.8666666666666667,"#FEBF84"],[0.8705882352941177,"#FEC185"],[0.8745098039215686,"#FEC287"],[0.8784313725490196,"#FEC488"],[0.8823529411764706,"#FEC68A"],[0.8862745098039215,"#FEC88C"],[0.8901960784313725,"#FECA8D"],[0.8941176470588236,"#FECC8F"],[0.8980392156862745,"#FECD90"],[0.9019607843137255,"#FECF92"],[0.9058823529411765,"#FED194"],[0.9098039215686274,"#FED395"],[0.9137254901960784,"#FED597"],[0.9176470588235294,"#FED799"],[0.9215686274509803,"#FED89A"],[0.9254901960784314,"#FDDA9C"],[0.9294117647058824,"#FDDC9E"],[0.9333333333333333,"#FDDEA0"],[0.9372549019607843,"#FDE0A1"],[0.9411764705882353,"#FDE2A3"],[0.9450980392156862,"#FDE3A5"],[0.9490196078431372,"#FDE5A7"],[0.9529411764705882,"#FDE7A9"],[0.9568627450980393,"#FDE9AA"],[0.9607843137254902,"#FDEBAC"],[0.9647058823529412,"#FCECAE"],[0.9686274509803922,"#FCEEB0"],[0.9725490196078431,"#FCF0B2"],[0.9764705882352941,"#FCF2B4"],[0.9803921568627451,"#FCF4B6"],[0.984313725490196,"#FCF6B8"],[0.9882352941176471,"#FCF7B9"],[0.9921568627450981,"#FCF9BB"],[0.996078431372549,"#FCFBBD"],[1.0,"#FCFDBF"]],"yaxis":"y","z":[[0.00049431535,0.5550817,0.5457974,0.8095456,0.80878514,0.8095746,0.8117363,0.80477905,0.80511606,0.8001186,0.8002958,0.8084751,0.8091406,0.80651426,0.8079113,0.81543577,0.81535804,0.82010895,0.80731195,0.8168835,0.8146625,0.8058619,0.8054169,0.80603844,0.81338745,0.8101061,0.81341445,0.8163093,0.8076059,0.8067138,0.8086659,0.8125091,0.81349784,0.8136133,0.8145266,0.81252736,0.81378025,0.8094059,0.80920243,0.8102761,0.8077451,0.8073702,0.80878985,0.80815893,0.80561525,0.80541456,0.8068617,0.806806,0.8068373,0.8076982,0.8066903,0.8071825,0.80717695,0.8071097,0.80849755,0.8063007,0.8101663,0.80898,0.8123048,0.8103971,0.8097359,0.80411893,0.8034268,0.8033349,0.80255574,0.8006949,0.8027972,0.8054355,0.804794,0.8025577,0.9923897,0.9925112,0.99223155,0.9929248,0.9932771,0.9930492,0.99268854,0.9925768,0.98998404,0.9899797,0.9896518,0.98966336,0.98977304,0.98962134,0.98962134,0.98971397,0.98984486,0.98971975,0.9899689,0.98986584,0.9897521,0.9896445,0.9891501,0.98983854,0.98957455,0.9904608,0.9902046,0.99092054,0.99047357,0.9904419],[0.5550817,0.0,0.1315427,0.8031412,0.7997537,0.804265,0.80612093,0.80081,0.8003249,0.7931751,0.79319024,0.79945225,0.8000304,0.79736406,0.79819685,0.80435413,0.8064005,0.81007236,0.7957863,0.80892354,0.8068456,0.7996979,0.7990619,0.7979844,0.80730224,0.804271,0.8069845,0.81088704,0.8013176,0.80075246,0.8025904,0.8062117,0.80774814,0.80753076,0.8083021,0.80674356,0.80776393,0.803639,0.80459416,0.8069451,0.8044404,0.8038888,0.8052976,0.804509,0.8022953,0.80171883,0.80299556,0.80295414,0.8029677,0.80400854,0.80335176,0.8032913,0.8031048,0.80376136,0.8055257,0.802738,0.80694616,0.8063309,0.809835,0.8022162,0.79922956,0.7951901,0.79444355,0.7943473,0.7986316,0.79710144,0.79944205,0.80172545,0.8019678,0.7991912,0.9910297,0.99129784,0.9911405,0.99194866,0.99186033,0.99164057,0.99182737,0.9917324,0.9900447,0.9900404,0.98971224,0.9897236,0.98969215,0.9896821,0.9896821,0.98977447,0.98990464,0.9897802,0.9900281,0.9899262,0.98967224,0.98998606,0.9896323,0.9903168,0.98991877,0.99066645,0.99055254,0.9913937,0.9914975,0.9913307],[0.5457974,0.1315427,0.0,0.8026356,0.8032989,0.8032159,0.80545455,0.80066293,0.80088955,0.7951503,0.79569733,0.798746,0.7991433,0.79720175,0.79840046,0.805968,0.8061106,0.8110271,0.7997891,0.8074623,0.8051985,0.79790306,0.7972603,0.79615974,0.8061462,0.80254775,0.8053046,0.80927396,0.79936737,0.79860693,0.80047935,0.8046921,0.8060703,0.8058549,0.80663866,0.8048745,0.80576366,0.80123043,0.80160445,0.80406654,0.80321103,0.8024748,0.80407166,0.8034682,0.8012308,0.80064803,0.8019361,0.80226505,0.80209136,0.8031375,0.8022878,0.80222666,0.80203986,0.8026968,0.8044753,0.8018455,0.8060711,0.8056426,0.8086072,0.80134267,0.7996287,0.79557496,0.7948276,0.7947311,0.7958353,0.793875,0.79515624,0.79953486,0.80031425,0.7975278,0.9908618,0.99113387,0.9911016,0.9916583,0.9918227,0.9916021,0.99179065,0.9918229,0.9901406,0.9901363,0.98994416,0.98995537,0.98992443,0.98991454,0.98991454,0.9900084,0.9901395,0.9900141,0.99040633,0.99002,0.989762,0.9900783,0.9898625,0.99041003,0.9895848,0.9906186,0.9906502,0.99149233,0.9913175,0.99114925],[0.8095456,0.8031412,0.8026356,0.0,0.13547905,0.53656167,0.5454894,0.54899734,0.5429746,0.5460808,0.5443556,0.63570786,0.6371011,0.6418121,0.6450645,0.6119979,0.6133868,0.6300496,0.6322822,0.61337906,0.60662526,0.59985304,0.59893245,0.5956457,0.6164479,0.6019731,0.6097046,0.6186744,0.59476763,0.5927835,0.5977471,0.6070163,0.6103187,0.61123794,0.61306095,0.6074153,0.61386484,0.6060392,0.5839485,0.58874625,0.58751875,0.58553493,0.58908474,0.58762115,0.5813162,0.58061457,0.5838521,0.58372486,0.5849057,0.5858815,0.5832067,0.5843934,0.58432937,0.5848877,0.59035915,0.592246,0.59946287,0.5952472,0.6085883,0.6401869,0.6274582,0.62094533,0.62190354,0.6224623,0.6163769,0.6153409,0.61341554,0.6145833,0.6147464,0.60891646,0.99237144,0.99249774,0.99233866,0.99200207,0.9932923,0.9933297,0.992279,0.99269694,0.9926049,0.9927536,0.99201393,0.9920232,0.9921443,0.9919895,0.9919895,0.9920972,0.99253076,0.9921018,0.99236864,0.9924366,0.9918045,0.99186164,0.9916258,0.9917594,0.99209946,0.9925157,0.9919077,0.992598,0.9922581,0.99208635],[0.80878514,0.7997537,0.8032989,0.13547905,0.0,0.53307164,0.5426971,0.55207145,0.5459835,0.5504484,0.54952437,0.6323262,0.63373363,0.6395308,0.64256454,0.6084956,0.60942996,0.6239699,0.62915695,0.6123683,0.6079792,0.59866714,0.5977374,0.59467566,0.61495066,0.60209423,0.61061007,0.6169957,0.5953608,0.5931073,0.59835464,0.6081611,0.6107371,0.6116608,0.6130053,0.6080671,0.61453974,0.60568887,0.5788064,0.5836672,0.5859464,0.5839471,0.58752364,0.5860579,0.5796797,0.5789675,0.58224,0.5826548,0.58330166,0.58401525,0.58157796,0.5827751,0.5827118,0.58326936,0.5890646,0.59068155,0.5982212,0.5942449,0.6076967,0.6444805,0.62342244,0.61758655,0.6174976,0.61884165,0.6111111,0.61212003,0.6107446,0.60906357,0.6117983,0.6059226,0.9929866,0.99310344,0.99281424,0.99261314,0.9936613,0.9936969,0.99290115,0.99330884,0.99270076,0.9926974,0.9921018,0.992111,0.9922333,0.99207747,0.99207747,0.99218637,0.9926232,0.99219096,0.9921621,0.99237895,0.9917439,0.9919485,0.9917103,0.9918451,0.99218863,0.992612,0.9916931,0.9926901,0.99220103,0.9920278],[0.8095746,0.804265,0.8032159,0.53656167,0.53307164,0.0,0.06299414,0.2585698,0.2599286,0.25083986,0.24955277,0.6258627,0.6275186,0.6307747,0.63379025,0.59081197,0.5923567,0.60314304,0.60804933,0.5963542,0.589663,0.5726592,0.57193774,0.56747013,0.59338313,0.5762557,0.5823624,0.59431344,0.5633065,0.56026363,0.57504153,0.57709014,0.58548385,0.58573216,0.5882353,0.5813155,0.5889928,0.5797805,0.57756656,0.58401215,0.5780041,0.57627755,0.57957333,0.57842404,0.57167333,0.57066464,0.5742499,0.5749669,0.57395434,0.5754753,0.5735322,0.57445997,0.57440305,0.57602453,0.5807802,0.58012325,0.5881671,0.58338165,0.59693485,0.6249319,0.6057495,0.60550976,0.6035101,0.6067056,0.6068135,0.6056445,0.606982,0.6087038,0.6061468,0.60056764,0.9929022,0.9931498,0.9928627,0.99266344,0.9927417,0.99278224,0.99295026,0.99309176,0.9915408,0.9916893,0.9911363,0.99114656,0.9912651,0.9911092,0.9911092,0.99121267,0.99164593,0.9912178,0.99148184,0.9913908,0.99122554,0.9911299,0.99104434,0.99132323,0.9912152,0.9914386,0.9910018,0.99142814,0.99081254,0.99063534],[0.8117363,0.80612093,0.80545455,0.5454894,0.5426971,0.06299414,0.0,0.27347758,0.27190864,0.26032236,0.26286846,0.6322107,0.6338406,0.63739926,0.6401475,0.59454226,0.59506303,0.60379386,0.6111509,0.60734415,0.59430546,0.5765315,0.57635283,0.571991,0.59436125,0.5820411,0.58971184,0.6007871,0.5743976,0.5733309,0.57179534,0.58458245,0.59004784,0.5895351,0.5919874,0.58898985,0.5931997,0.58442944,0.58117247,0.58753043,0.5852706,0.5835657,0.586823,0.5853839,0.5793621,0.5783926,0.58161736,0.5822926,0.58133435,0.5828336,0.58096135,0.581873,0.5818113,0.5834277,0.58780485,0.58777755,0.59519726,0.5904762,0.60377717,0.6290844,0.610763,0.60771227,0.6060097,0.60890627,0.6121122,0.6110275,0.61071956,0.61265916,0.611496,0.60597575,0.9928348,0.99308133,0.9926669,0.9924675,0.9925363,0.9925776,0.99261606,0.992763,0.99147725,0.9916243,0.99107915,0.9910894,0.9912066,0.9910521,0.9910521,0.9911543,0.9915832,0.99115944,0.9914207,0.9913299,0.9911681,0.9910727,0.99098843,0.9912645,0.9911569,0.991528,0.99109393,0.99151325,0.9909026,0.99072754],[0.80477905,0.80081,0.80066293,0.54899734,0.55207145,0.2585698,0.27347758,0.0,0.06007326,0.16535978,0.15397082,0.6405148,0.6421145,0.6336582,0.6375675,0.6133861,0.6152137,0.6280042,0.6193082,0.62167144,0.6169891,0.5942081,0.59329104,0.58947563,0.6125086,0.60358775,0.6092212,0.61920696,0.5940363,0.59233826,0.59721726,0.60584956,0.6103043,0.61072785,0.61252147,0.6072113,0.6128428,0.60368186,0.59280443,0.598234,0.5915674,0.5901429,0.59336025,0.59216046,0.58632165,0.5851261,0.58826786,0.5889052,0.588257,0.58973414,0.58766717,0.58856297,0.5884972,0.59036815,0.5948993,0.5944278,0.6022898,0.5984252,0.6114519,0.62285715,0.61915123,0.62198,0.6201536,0.62322015,0.6220559,0.6180504,0.6219268,0.61977464,0.62152714,0.61607635,0.9922551,0.9925089,0.9923528,0.99254113,0.9927478,0.9927875,0.9929522,0.9930911,0.9926156,0.99276114,0.9920364,0.99204546,0.99216413,0.99201256,0.99201256,0.99211806,0.9925427,0.9921226,0.99238396,0.99245065,0.9921149,0.99217415,0.9919412,0.9923578,0.9919759,0.99192584,0.99163735,0.99174845,0.99114174,0.99111176],[0.80511606,0.8003249,0.80088955,0.5429746,0.5459835,0.2599286,0.27190864,0.06007326,0.0,0.15498744,0.14111978,0.64212716,0.64369804,0.63420063,0.6378128,0.6128431,0.6151128,0.6274644,0.61841875,0.61965317,0.615257,0.5914362,0.59052724,0.58673656,0.61032784,0.6019754,0.6082667,0.6181368,0.593529,0.59135383,0.5959241,0.60517746,0.6090956,0.6095157,0.6112895,0.6053219,0.6111484,0.60232717,0.59358,0.5996747,0.5918515,0.59019643,0.5936147,0.5921808,0.58695257,0.58577937,0.58860874,0.58897924,0.5888546,0.59056264,0.58853596,0.5894161,0.58909357,0.59119153,0.5956403,0.59544367,0.60368663,0.59937376,0.611913,0.6221441,0.6189797,0.618058,0.61897045,0.6190133,0.62232995,0.62141037,0.6212148,0.6193456,0.6208145,0.61520404,0.992125,0.9923769,0.9919699,0.99227947,0.9926043,0.9926442,0.9928095,0.99282205,0.99275255,0.9928955,0.9921788,0.9921875,0.99230444,0.9921558,0.9921558,0.99226004,0.9926771,0.9922644,0.9925215,0.99258834,0.99239385,0.99231416,0.99208444,0.99249375,0.99212044,0.99207747,0.9917915,0.99189603,0.9912983,0.9912694],[0.8001186,0.7931751,0.7951503,0.5460808,0.5504484,0.25083986,0.26032236,0.16535978,0.15498744,0.0,0.11173184,0.6479504,0.6495094,0.63860965,0.6405876,0.6187026,0.61860853,0.63144416,0.61626697,0.626682,0.61961365,0.59847546,0.5975848,0.5941483,0.61528057,0.6065885,0.6130015,0.6231337,0.5987687,0.5981259,0.6011187,0.6102013,0.61477214,0.61494255,0.6166779,0.6120116,0.61696446,0.60806674,0.60147667,0.6075018,0.595439,0.59404165,0.5971973,0.5959993,0.59084326,0.5896877,0.59273976,0.59309226,0.5927332,0.5944334,0.59243774,0.5930571,0.59298944,0.59508646,0.5994935,0.5985722,0.6062833,0.6022394,0.6147123,0.624321,0.6241349,0.62201214,0.62170404,0.62298316,0.6250447,0.6241623,0.61577153,0.620339,0.6230603,0.61746174,0.99162436,0.9917582,0.9918546,0.9915254,0.9919504,0.9919937,0.99204415,0.9921983,0.99188876,0.9920313,0.99148756,0.9914971,0.9916119,0.9914626,0.9914626,0.99156356,0.9919797,0.99156827,0.9918229,0.9917391,0.9918486,0.99176323,0.99153715,0.99180555,0.99156594,0.9913515,0.99093395,0.99106395,0.9906155,0.99044454],[0.8002958,0.79319024,0.79569733,0.5443556,0.54952437,0.24955277,0.26286846,0.15397082,0.14111978,0.11173184,0.0,0.64764524,0.64920115,0.6424818,0.64538044,0.6205507,0.6218291,0.633271,0.6177031,0.62710756,0.62232816,0.5997526,0.59886706,0.5949526,0.61714673,0.607806,0.6137093,0.62424344,0.59929824,0.59717566,0.6021262,0.6109221,0.6147735,0.6149435,0.6166751,0.6113098,0.61626935,0.6080829,0.6025135,0.60851675,0.59874886,0.5973562,0.6005007,0.5992889,0.59394705,0.5928068,0.59582883,0.596419,0.5958251,0.5975171,0.59554833,0.5961643,0.5960947,0.5981884,0.6025572,0.6016764,0.60936356,0.6050804,0.61772704,0.6278989,0.62606084,0.62322193,0.6248884,0.6241959,0.6274719,0.62687105,0.62464386,0.6252217,0.62675047,0.6211714,0.9920263,0.99227893,0.991999,0.9920535,0.9922348,0.9922765,0.99244946,0.99246895,0.9927829,0.9929252,0.9922103,0.992219,0.99233556,0.9921875,0.9921875,0.9922915,0.9927069,0.99229586,0.992552,0.99261886,0.99228543,0.99234515,0.99211615,0.9925239,0.99215245,0.99225825,0.99182564,0.99192876,0.9916105,0.9914436],[0.8084751,0.79945225,0.798746,0.63570786,0.6323262,0.6258627,0.6322107,0.6405148,0.64212716,0.6479504,0.64764524,0.0028894143,0.0055103647,0.44270205,0.44975883,0.5424226,0.5464461,0.56215316,0.5624884,0.54910713,0.54246724,0.5168409,0.5154219,0.51215684,0.541116,0.5302945,0.5414679,0.55506295,0.52097297,0.5178399,0.52602583,0.5362104,0.54172796,0.5420869,0.54545456,0.53707826,0.54603004,0.5330005,0.5149062,0.5215424,0.51731557,0.51496774,0.51947546,0.51780504,0.51017183,0.5089179,0.5127094,0.5134393,0.5143814,0.5147871,0.5126934,0.5127951,0.5136688,0.5148987,0.5187673,0.51908094,0.5283624,0.5249149,0.54033697,0.5340143,0.5071571,0.51095617,0.5078219,0.50902164,0.50921476,0.5081169,0.5096864,0.51545167,0.5085807,0.5041239,0.99201363,0.99214524,0.9919855,0.99164706,0.9930527,0.9930913,0.9924513,0.9923406,0.9912847,0.9912808,0.99103785,0.9910482,0.9911658,0.9910106,0.9908643,0.99126,0.99169093,0.9912651,0.9913806,0.99143785,0.9917048,0.99132323,0.99123687,0.99151444,0.9914094,0.99149066,0.9910554,0.991332,0.9907209,0.99054444],[0.8091406,0.8000304,0.7991433,0.6371011,0.63373363,0.6275186,0.6338406,0.6421145,0.64369804,0.6495094,0.64920115,0.0055103647,0.0,0.44464538,0.45169714,0.5438725,0.547883,0.5633438,0.5639546,0.5502589,0.54362655,0.5183824,0.51696724,0.5137201,0.5425688,0.53150785,0.5426527,0.5562057,0.5222137,0.5190899,0.5272555,0.5374074,0.5429149,0.543271,0.54663026,0.5382762,0.5471971,0.5344668,0.5164792,0.52281666,0.51887345,0.5162363,0.52103305,0.5193542,0.5117473,0.5104992,0.5142801,0.51500297,0.51595116,0.5160654,0.5139798,0.5140817,0.5152475,0.5161867,0.5200474,0.52037555,0.52965933,0.52591556,0.5413281,0.53582436,0.50904036,0.5130452,0.5097214,0.51121795,0.51111114,0.51003855,0.51157683,0.5173233,0.509891,0.5057309,0.9921435,0.99227303,0.99211377,0.9917765,0.9929136,0.992953,0.9923158,0.9924695,0.9912821,0.9912782,0.9910353,0.99104565,0.99116325,0.991008,0.9908616,0.9912575,0.99168855,0.99126256,0.99137807,0.99143535,0.99170244,0.9913207,0.99123436,0.991512,0.9914069,0.99148417,0.9910488,0.99132574,0.9907143,0.99053764],[0.80651426,0.79736406,0.79720175,0.6418121,0.6395308,0.6307747,0.63739926,0.6336582,0.63420063,0.63860965,0.6424818,0.44270205,0.44464538,0.0,0.027128862,0.5600427,0.5635593,0.57782173,0.5634369,0.56609994,0.56049514,0.54440296,0.54336447,0.53830147,0.56570315,0.55,0.56118816,0.57054156,0.5429948,0.5398395,0.5461071,0.5570506,0.5599358,0.5607543,0.56288695,0.5566139,0.5643321,0.55338585,0.54057145,0.54688686,0.5374266,0.5348749,0.5392491,0.53696716,0.5306942,0.5295472,0.53310436,0.5334474,0.5336006,0.535687,0.53293645,0.53332055,0.53357637,0.5353846,0.53957933,0.5418034,0.5497189,0.5452256,0.5596929,0.54489106,0.5332694,0.53303796,0.5301532,0.53130454,0.5283385,0.5298273,0.5287401,0.5338967,0.5295956,0.5243475,0.9921604,0.99241465,0.99238676,0.9925746,0.99305093,0.9930888,0.9928534,0.99299365,0.99072576,0.9908703,0.9907906,0.99080104,0.9907723,0.9907631,0.99061966,0.99086237,0.9912845,0.99086756,0.99112386,0.99088544,0.9911641,0.99107015,0.9909872,0.99111676,0.990865,0.99106747,0.9907962,0.99121815,0.9911851,0.99101377],[0.8079113,0.79819685,0.79840046,0.6450645,0.64256454,0.63379025,0.6401475,0.6375675,0.6378128,0.6405876,0.64538044,0.44975883,0.45169714,0.027128862,0.0,0.56445867,0.56769174,0.5810227,0.56876373,0.5691693,0.5638205,0.547392,0.546357,0.5413192,0.56858563,0.5537145,0.5645822,0.5740933,0.54650086,0.54336447,0.5495944,0.5604672,0.5630808,0.56414825,0.56626505,0.560036,0.5676864,0.55679166,0.5455585,0.55076045,0.5398936,0.53789175,0.54227626,0.53997356,0.5337294,0.5325899,0.53613764,0.53674793,0.5366367,0.53816724,0.5359892,0.53637415,0.5366276,0.5384467,0.5426327,0.5443283,0.55199224,0.54748493,0.562524,0.5479014,0.5374424,0.53751206,0.5346535,0.5355202,0.5325559,0.53409314,0.5320923,0.5377957,0.5335551,0.5282872,0.99238807,0.9926396,0.9927407,0.992803,0.9934263,0.9934623,0.9932177,0.9933512,0.9911295,0.9912748,0.9911794,0.9911894,0.9911618,0.99115294,0.991009,0.9912545,0.99153394,0.9912595,0.9913731,0.9912829,0.99140847,0.99146026,0.99137443,0.991505,0.991257,0.99147725,0.9910492,0.9916086,0.99157065,0.99139994],[0.81543577,0.80435413,0.805968,0.6119979,0.6084956,0.59081197,0.59454226,0.6133861,0.6128431,0.6187026,0.6205507,0.5424226,0.5438725,0.5600427,0.56445867,0.0,0.08579949,0.14631362,0.15423341,0.23699543,0.26109284,0.27889988,0.27787343,0.26951593,0.26588628,0.25224262,0.27145833,0.22593443,0.2749038,0.27210152,0.2747393,0.29630396,0.2733528,0.2723298,0.26921478,0.26291376,0.2599585,0.27688786,0.44330102,0.4530789,0.4055522,0.4021739,0.40772793,0.40604362,0.39841688,0.39510703,0.40032414,0.40092817,0.4017423,0.40368646,0.40118176,0.4012635,0.4006926,0.4035911,0.41109762,0.41243863,0.42321098,0.4201801,0.43791777,0.5271246,0.50028634,0.50762486,0.5046083,0.5086207,0.49671942,0.50048685,0.50038403,0.5014332,0.48748535,0.4832424,0.9916072,0.99173963,0.9915852,0.99163544,0.99258393,0.9927536,0.9924041,0.9927995,0.99258417,0.99258095,0.9920253,0.9920341,0.99200994,0.9920022,0.9918632,0.9921042,0.99251455,0.9921085,0.9922211,0.99228394,0.9922386,0.9921585,0.9920711,0.9923361,0.99238545,0.9923543,0.992068,0.99243987,0.99225646,0.99223113],[0.81535804,0.8064005,0.8061106,0.6133868,0.60942996,0.5923567,0.59506303,0.6152137,0.6151128,0.61860853,0.6218291,0.5464461,0.547883,0.5635593,0.56769174,0.08579949,0.0,0.1281816,0.18083914,0.24360561,0.25604755,0.2713611,0.27106622,0.26527506,0.26291665,0.23535722,0.22234066,0.16426575,0.27036247,0.2686535,0.2691164,0.2908079,0.27072513,0.26863194,0.2676872,0.26865983,0.25990915,0.26995012,0.44494691,0.45454547,0.407992,0.40495703,0.4101539,0.4087838,0.40092725,0.39765134,0.4028169,0.4037267,0.40422535,0.4061557,0.4036827,0.40376443,0.40319645,0.40607902,0.41383472,0.414872,0.42557523,0.422561,0.4404666,0.52996325,0.5036939,0.5132225,0.51055735,0.5142369,0.5004786,0.5048281,0.50181264,0.50341684,0.4919527,0.48772946,0.9917767,0.9919058,0.9918769,0.99155384,0.9927546,0.9929224,0.9925711,0.9929612,0.99248546,0.9926252,0.9920711,0.99207973,0.9920559,0.99204826,0.99191004,0.99214983,0.9925579,0.9921542,0.99226624,0.9921886,0.9922827,0.99234134,0.9922533,0.992517,0.99242944,0.99225587,0.991973,0.9923456,0.99216425,0.9921388],[0.82010895,0.81007236,0.8110271,0.6300496,0.6239699,0.60314304,0.60379386,0.6280042,0.6274644,0.63144416,0.633271,0.56215316,0.5633438,0.57782173,0.5810227,0.14631362,0.1281816,0.0,0.21161261,0.2839404,0.2979248,0.3174296,0.3153813,0.30750763,0.3132405,0.29308873,0.30386624,0.26082408,0.31215233,0.3092162,0.31110165,0.33264464,0.3139051,0.31352586,0.31416753,0.31704262,0.31325796,0.31559253,0.4707521,0.4785106,0.4283685,0.4284846,0.42738,0.43190974,0.42427957,0.42138752,0.42679444,0.42729488,0.42436633,0.4250358,0.42230913,0.421096,0.42116097,0.42249742,0.4273697,0.42465183,0.43203175,0.42794576,0.4465759,0.54310346,0.52356225,0.5292308,0.5263464,0.530344,0.52195024,0.52481854,0.5235146,0.52446073,0.51123375,0.50687355,0.9920584,0.9921865,0.9920304,0.9918284,0.9928077,0.9928467,0.99261755,0.9930177,0.9926826,0.99267936,0.99182177,0.991831,0.9918056,0.99194,0.9917975,0.9920443,0.9924652,0.99204886,0.99202055,0.9920829,0.9920424,0.9922426,0.9920112,0.99228287,0.99247587,0.9922986,0.9921523,0.992247,0.99206126,0.9920347],[0.80731195,0.7957863,0.7997891,0.6322822,0.62915695,0.60804933,0.6111509,0.6193082,0.61841875,0.61626697,0.6177031,0.5624884,0.5639546,0.5634369,0.56876373,0.15423341,0.18083914,0.21161261,0.0,0.31554192,0.30364874,0.31658727,0.31561822,0.30657578,0.34122247,0.30986813,0.35187078,0.30737704,0.3217652,0.31924984,0.32139048,0.34126654,0.34703103,0.3486276,0.35011208,0.348194,0.34362933,0.3287643,0.47715026,0.48550436,0.42933005,0.42687908,0.43122828,0.4306599,0.42295015,0.419702,0.42516446,0.4256757,0.4256326,0.42727834,0.4245498,0.42463768,0.4243741,0.4260527,0.43383414,0.4344569,0.44481537,0.44136637,0.45950958,0.53167206,0.5210557,0.52648944,0.52355814,0.527599,0.5156219,0.5196351,0.5183881,0.5205213,0.50468594,0.50238097,0.99264705,0.9927711,0.9923596,0.9926773,0.9934299,0.9936,0.9933525,0.99374044,0.99336576,0.99351126,0.99290276,0.9929108,0.9927454,0.99288154,0.9927381,0.9928469,0.99312717,0.992851,0.9929699,0.99304247,0.9929726,0.99289775,0.99280274,0.9932194,0.993137,0.9923858,0.99223673,0.99261576,0.99228287,0.9922568],[0.8168835,0.80892354,0.8074623,0.61337906,0.6123683,0.5963542,0.60734415,0.62167144,0.61965317,0.626682,0.62710756,0.54910713,0.5502589,0.56609994,0.5691693,0.23699543,0.24360561,0.2839404,0.31554192,0.0,0.1270874,0.2920668,0.29037657,0.29110456,0.28429586,0.24643157,0.25438055,0.25191608,0.24547583,0.24174882,0.2590957,0.26672155,0.24574512,0.24367483,0.24499483,0.23837453,0.24487285,0.26263872,0.44676328,0.45618755,0.4188635,0.41590154,0.42098066,0.41958043,0.41236708,0.40890208,0.41419303,0.41503525,0.41525757,0.4168305,0.4151018,0.41487047,0.41431114,0.41745844,0.42433175,0.425139,0.4343756,0.43203497,0.44853374,0.5329482,0.5064186,0.51246744,0.5106662,0.51428574,0.5049765,0.50673497,0.503469,0.5012161,0.49438202,0.49022585,0.99066913,0.9908135,0.9907812,0.99057645,0.9917187,0.99176174,0.99169046,0.9920915,0.99205905,0.9921962,0.99153113,0.9915402,0.99151516,0.9915072,0.99137115,0.9916046,0.9920054,0.99160916,0.9917176,0.9917741,0.99120706,0.99125403,0.991309,0.9915674,0.9916069,0.9918287,0.99155825,0.9913944,0.9912269,0.99119884],[0.8146625,0.8068456,0.8051985,0.60662526,0.6079792,0.589663,0.59430546,0.6169891,0.615257,0.61961365,0.62232816,0.54246724,0.54362655,0.56049514,0.5638205,0.26109284,0.25604755,0.2979248,0.30364874,0.1270874,0.0,0.2684322,0.26740238,0.272029,0.29867256,0.21818958,0.2407985,0.24361055,0.20279415,0.21048035,0.18957968,0.19905822,0.24266389,0.24424155,0.2491756,0.24921858,0.2533197,0.23120418,0.4407767,0.45057914,0.4114297,0.40844795,0.41355598,0.41218987,0.4051485,0.4013132,0.40699744,0.40756056,0.40775162,0.4096481,0.4075547,0.407319,0.40675944,0.4099144,0.41688082,0.41793132,0.427513,0.42454526,0.4421365,0.52480465,0.49840853,0.5039311,0.50263655,0.50573415,0.49744946,0.50085795,0.49707824,0.4928437,0.4881317,0.48310748,0.99103194,0.99117076,0.9910172,0.990938,0.9919674,0.9920091,0.9916822,0.991961,0.99233127,0.9924686,0.99206454,0.99207306,0.9920496,0.99204206,0.9919061,0.99214196,0.9925434,0.99214625,0.99225646,0.99218,0.9916011,0.99178785,0.99183947,0.99196357,0.9921441,0.99125034,0.99098974,0.9912493,0.9908147,0.99078524],[0.8058619,0.7996979,0.79790306,0.59985304,0.59866714,0.5726592,0.5765315,0.5942081,0.5914362,0.59847546,0.5997526,0.5168409,0.5183824,0.54440296,0.547392,0.27889988,0.2713611,0.3174296,0.31658727,0.2920668,0.2684322,0.0,0.014167954,0.020714656,0.08654076,0.17675601,0.2011236,0.22347337,0.1599243,0.15250596,0.16506222,0.1919582,0.1974278,0.19928025,0.19852117,0.19057377,0.17598017,0.122415416,0.4195702,0.4299046,0.36215404,0.35922748,0.3651577,0.36361697,0.35448247,0.35073978,0.35695764,0.3577883,0.3577605,0.35948983,0.35653687,0.355899,0.35673913,0.3590414,0.36705577,0.36693636,0.38011825,0.3773214,0.397062,0.50039136,0.47109944,0.47119674,0.46989182,0.47361988,0.4735342,0.4706854,0.4731925,0.47144592,0.4640941,0.45875335,0.99155074,0.99181795,0.9916581,0.99144965,0.99229103,0.99233353,0.992245,0.99239886,0.99256176,0.9925584,0.99226916,0.992278,0.9922536,0.99224585,0.99210113,0.9923532,0.9927808,0.9923576,0.99247575,0.99239653,0.992203,0.9922636,0.99217194,0.992448,0.9919192,0.99186623,0.9915768,0.992268,0.9915086,0.9914797],[0.8054169,0.7990619,0.7972603,0.59893245,0.5977374,0.57193774,0.57635283,0.59329104,0.59052724,0.5975848,0.59886706,0.5154219,0.51696724,0.54336447,0.546357,0.27787343,0.27106622,0.3153813,0.31561822,0.29037657,0.26740238,0.014167954,0.0,0.016883116,0.086862884,0.17630726,0.1990991,0.2234988,0.15682088,0.14935376,0.16415805,0.19153777,0.19823888,0.20009004,0.19932735,0.18932481,0.17677565,0.1315543,0.4181476,0.42851207,0.35986233,0.35692772,0.36287373,0.36134273,0.35214937,0.3483857,0.35463604,0.35547885,0.35543996,0.35717383,0.3541985,0.3535574,0.35440278,0.356706,0.36475942,0.36461303,0.37782657,0.3750274,0.39484513,0.49892136,0.4695159,0.4699187,0.468603,0.4723413,0.4719445,0.46906683,0.47160596,0.46985996,0.46246123,0.45711342,0.9916721,0.9919376,0.991778,0.9915705,0.9924181,0.99245995,0.9923684,0.99252,0.9922515,0.9920978,0.99182564,0.991835,0.9918092,0.9918009,0.9916559,0.99190634,0.99233437,0.991911,0.9920278,0.9919438,0.9917637,0.9919644,0.9918746,0.9921507,0.99161726,0.991551,0.991267,0.99196905,0.9912119,0.9911819],[0.80603844,0.7979844,0.79615974,0.5956457,0.59467566,0.56747013,0.571991,0.58947563,0.58673656,0.5941483,0.5949526,0.51215684,0.5137201,0.53830147,0.5413192,0.26951593,0.26527506,0.30750763,0.30657578,0.29110456,0.272029,0.020714656,0.016883116,0.0,0.0919153,0.18124709,0.2044374,0.22875817,0.16177523,0.1543091,0.16911069,0.19606498,0.20358601,0.20542987,0.20464277,0.19468012,0.18200363,0.13805269,0.41080508,0.42135185,0.35437527,0.3514043,0.35742274,0.35590655,0.34651724,0.3426805,0.34904626,0.3499236,0.34985742,0.35125056,0.34856513,0.34791252,0.34877566,0.3510944,0.35928932,0.3590768,0.37172076,0.36962306,0.38832822,0.49334922,0.46369976,0.46374124,0.4620804,0.46714875,0.46864685,0.4660113,0.46610343,0.46435174,0.45546007,0.451357,0.99160105,0.9918699,0.99170876,0.9914988,0.99235076,0.9923934,0.9923026,0.9925878,0.99247897,0.99247557,0.99218637,0.9921954,0.9921705,0.9921625,0.99201626,0.99227065,0.99270284,0.9922752,0.9923943,0.9923134,0.9921203,0.9921807,0.9920886,0.9923675,0.99183196,0.99177456,0.9914836,0.99218524,0.9917072,0.9916786],[0.81338745,0.80730224,0.8061462,0.6164479,0.61495066,0.59338313,0.59436125,0.6125086,0.61032784,0.61528057,0.61714673,0.541116,0.5425688,0.56570315,0.56858563,0.26588628,0.26291665,0.3132405,0.34122247,0.28429586,0.29867256,0.08654076,0.086862884,0.0919153,0.0,0.20206684,0.21660572,0.2193792,0.21316198,0.20905845,0.21209446,0.23560882,0.17207864,0.16994041,0.1660793,0.15610303,0.12840554,0.1679947,0.44398257,0.45365086,0.39773417,0.3949818,0.40056646,0.3989137,0.39081633,0.38745388,0.39274803,0.39371195,0.39384678,0.39547676,0.3929084,0.39232978,0.3930766,0.3953202,0.40260798,0.40288362,0.4150165,0.4123096,0.4308695,0.5263255,0.49971336,0.4996164,0.49855295,0.50202197,0.5022128,0.5016553,0.50067246,0.49894616,0.49307856,0.48794714,0.9912215,0.99148464,0.99132913,0.991125,0.99192184,0.9918341,0.99188745,0.9920428,0.9921462,0.99214286,0.9914636,0.99147296,0.9914471,0.9915781,0.9914388,0.99167824,0.99208885,0.9916828,0.9916539,0.9914278,0.9914075,0.99159664,0.9913746,0.9919156,0.991121,0.9916197,0.9912032,0.9916013,0.9910155,0.99098605],[0.8101061,0.804271,0.80254775,0.6019731,0.60209423,0.5762557,0.5820411,0.60358775,0.6019754,0.6065885,0.607806,0.5302945,0.53150785,0.55,0.5537145,0.25224262,0.23535722,0.29308873,0.30986813,0.24643157,0.21818958,0.17675601,0.17630726,0.18124709,0.20206684,0.0,0.07259015,0.08218864,0.051420175,0.047853973,0.06726349,0.08071749,0.07907743,0.08049753,0.086439885,0.07901585,0.09317343,0.08626348,0.4280787,0.4371342,0.39030927,0.38750258,0.39319587,0.3915539,0.3825182,0.37972832,0.38550964,0.3861898,0.38629285,0.3879543,0.38562775,0.3846958,0.3854667,0.38773802,0.39588955,0.395759,0.4071113,0.40503672,0.4243619,0.49856293,0.4701463,0.49443468,0.49302417,0.49686274,0.49263117,0.49404052,0.49284735,0.492581,0.4843781,0.47886485,0.9913519,0.9914904,0.99133277,0.9915093,0.9920677,0.992243,0.99215835,0.9923106,0.9923099,0.99245286,0.99175173,0.9917609,0.9917355,0.9917274,0.991586,0.9918298,0.992247,0.99183446,0.991948,0.9920091,0.99183166,0.992028,0.99193996,0.99220926,0.99183214,0.99222076,0.9917867,0.9921733,0.99171156,0.991684],[0.81341445,0.8069845,0.8053046,0.6097046,0.61061007,0.5823624,0.58971184,0.6092212,0.6082667,0.6130015,0.6137093,0.5414679,0.5426527,0.56118816,0.5645822,0.27145833,0.22234066,0.30386624,0.35187078,0.25438055,0.2407985,0.2011236,0.1990991,0.2044374,0.21660572,0.07259015,0.0,0.07416648,0.058682058,0.068799615,0.08824918,0.09561201,0.08337193,0.07899004,0.08354431,0.07796452,0.10147225,0.10961407,0.44285998,0.45162562,0.4055958,0.40285888,0.40841386,0.40672538,0.39813122,0.39547217,0.40101317,0.40161452,0.4017839,0.40340564,0.40122324,0.40032646,0.40105972,0.40330815,0.41114488,0.41118622,0.4222952,0.42023346,0.4389305,0.5092818,0.4818252,0.50401527,0.50269336,0.50643116,0.5077631,0.5061153,0.50507563,0.50133896,0.49757046,0.49214965,0.99147546,0.9916101,0.99145514,0.99150425,0.9924479,0.992488,0.9920162,0.992169,0.9922912,0.9924318,0.99188113,0.99189,0.99186546,0.9918576,0.9917184,0.991959,0.9923696,0.99196345,0.9920756,0.9919955,0.99195856,0.9921531,0.99206567,0.99233085,0.99182147,0.9917666,0.9913475,0.99188,0.99142855,0.9914005],[0.8163093,0.81088704,0.80927396,0.6186744,0.6169957,0.59431344,0.6007871,0.61920696,0.6181368,0.6231337,0.62424344,0.55506295,0.5562057,0.57054156,0.5740933,0.22593443,0.16426575,0.26082408,0.30737704,0.25191608,0.24361055,0.22347337,0.2234988,0.22875817,0.2193792,0.08218864,0.07416648,0.0,0.12278711,0.120402105,0.13586347,0.1476201,0.12665783,0.124144025,0.12779973,0.123498,0.12396152,0.14100876,0.460466,0.46883315,0.4242189,0.42158386,0.42693576,0.4252075,0.41749853,0.41501278,0.42023042,0.42073527,0.42098066,0.42254347,0.42054605,0.41969725,0.42038092,0.4225851,0.42999414,0.43023485,0.4409729,0.43894258,0.45676363,0.52506787,0.49934763,0.521106,0.52020764,0.5235011,0.51543325,0.5183934,0.5155786,0.51552105,0.5081844,0.5029086,0.99143624,0.99156827,0.99153876,0.99146444,0.9923829,0.99254954,0.9922126,0.9924803,0.9922244,0.9923611,0.99169236,0.99170125,0.99167675,0.9916689,0.9915334,0.99176675,0.9921664,0.9917712,0.9918798,0.9919377,0.99176955,0.9919571,0.99187315,0.99213123,0.991769,0.9922796,0.9918632,0.99236643,0.9919216,0.99189585],[0.8076059,0.8013176,0.79936737,0.59476763,0.5953608,0.5633065,0.5743976,0.5940363,0.593529,0.5987687,0.59929824,0.52097297,0.5222137,0.5429948,0.54650086,0.2749038,0.27036