<html>
<head>
<script src="https://cdn.plot.ly/plotly-1.54.7.min.js"></script>
</head>
<body>
  <script>
    gd = (function() {
  var WIDTH_IN_PERCENT_OF_PARENT = 100;
  var HEIGHT_IN_PERCENT_OF_PARENT = 100;
  var gd = Plotly.d3.select('body')
    .append('div').attr("id", "2e47eee7-6cb8-42b0-89d9-06e222348eb2")
    .style({
      width: WIDTH_IN_PERCENT_OF_PARENT + '%',
      'margin-left': (100 - WIDTH_IN_PERCENT_OF_PARENT) / 2 + '%',
      height: HEIGHT_IN_PERCENT_OF_PARENT + 'vh',
      'margin-top': (100 - HEIGHT_IN_PERCENT_OF_PARENT) / 2 + 'vh'
    })
    .node();
  var plot_json = {"layout":{"showlegend":false,"xaxis":{"scaleanchor":"y","visible":false,"domain":[0.504950495049505,1.0]},"hovermode":"closest","xaxis2":{"rangemode":"nonnegative","domain":[0.0,0.49504950495049505],"autorange":"reversed"},"height":550,"margin":{"l":50,"b":50,"r":50,"t":60},"yaxis":{"scaleanchor":"x","visible":false},"title":"Corynebacterium jeikeium, 19 genomes, 108 overlaps, min inter = 0.9676","width":1000},"frames":[],"data":[{"xaxis":"x","y":[0.5,1.5,2.5,3.5,4.5,5.5,6.5,7.5,8.5,9.5,10.5,11.5,12.5,13.5,14.5,15.5,16.5,17.5,18.5,19.5],"type":"heatmap","colorscale":[[0.0,"#000004"],[0.00392156862745098,"#010005"],[0.00784313725490196,"#010106"],[0.011764705882352941,"#010108"],[0.01568627450980392,"#020109"],[0.0196078431372549,"#02020B"],[0.023529411764705882,"#02020D"],[0.027450980392156862,"#03030F"],[0.03137254901960784,"#030312"],[0.03529411764705882,"#040414"],[0.0392156862745098,"#050416"],[0.043137254901960784,"#060518"],[0.047058823529411764,"#06051A"],[0.050980392156862744,"#07061C"],[0.054901960784313725,"#08071E"],[0.058823529411764705,"#090720"],[0.06274509803921569,"#0A0822"],[0.06666666666666667,"#0B0924"],[0.07058823529411765,"#0C0926"],[0.07450980392156863,"#0D0A29"],[0.0784313725490196,"#0E0B2B"],[0.08235294117647059,"#100B2D"],[0.08627450980392157,"#110C2F"],[0.09019607843137255,"#120D31"],[0.09411764705882353,"#130D34"],[0.09803921568627451,"#140E36"],[0.10196078431372549,"#150E38"],[0.10588235294117647,"#160F3B"],[0.10980392156862745,"#180F3D"],[0.11372549019607843,"#19103F"],[0.11764705882352941,"#1A1042"],[0.12156862745098039,"#1C1044"],[0.12549019607843137,"#1D1147"],[0.12941176470588237,"#1E1149"],[0.13333333333333333,"#20114B"],[0.13725490196078433,"#21114E"],[0.1411764705882353,"#221150"],[0.1450980392156863,"#241253"],[0.14901960784313725,"#251255"],[0.15294117647058825,"#271258"],[0.1568627450980392,"#29115A"],[0.1607843137254902,"#2A115C"],[0.16470588235294117,"#2C115F"],[0.16862745098039217,"#2D1161"],[0.17254901960784313,"#2F1163"],[0.17647058823529413,"#311165"],[0.1803921568627451,"#331067"],[0.1843137254901961,"#341069"],[0.18823529411764706,"#36106B"],[0.19215686274509805,"#38106C"],[0.19607843137254902,"#390F6E"],[0.2,"#3B0F70"],[0.20392156862745098,"#3D0F71"],[0.20784313725490197,"#3F0F72"],[0.21176470588235294,"#400F74"],[0.21568627450980393,"#420F75"],[0.2196078431372549,"#440F76"],[0.2235294117647059,"#451077"],[0.22745098039215686,"#471078"],[0.23137254901960785,"#491078"],[0.23529411764705882,"#4A1079"],[0.23921568627450981,"#4C117A"],[0.24313725490196078,"#4E117B"],[0.24705882352941178,"#4F127B"],[0.25098039215686274,"#51127C"],[0.2549019607843137,"#52137C"],[0.25882352941176473,"#54137D"],[0.2627450980392157,"#56147D"],[0.26666666666666666,"#57157E"],[0.27058823529411763,"#59157E"],[0.27450980392156865,"#5A167E"],[0.2784313725490196,"#5C167F"],[0.2823529411764706,"#5D177F"],[0.28627450980392155,"#5F187F"],[0.2901960784313726,"#601880"],[0.29411764705882354,"#621980"],[0.2980392156862745,"#641A80"],[0.30196078431372547,"#651A80"],[0.3058823529411765,"#671B80"],[0.30980392156862746,"#681C81"],[0.3137254901960784,"#6A1C81"],[0.3176470588235294,"#6B1D81"],[0.3215686274509804,"#6D1D81"],[0.3254901960784314,"#6E1E81"],[0.32941176470588235,"#701F81"],[0.3333333333333333,"#721F81"],[0.33725490196078434,"#732081"],[0.3411764705882353,"#752181"],[0.34509803921568627,"#762181"],[0.34901960784313724,"#782281"],[0.35294117647058826,"#792282"],[0.3568627450980392,"#7B2382"],[0.3607843137254902,"#7C2382"],[0.36470588235294116,"#7E2482"],[0.3686274509803922,"#802582"],[0.37254901960784315,"#812581"],[0.3764705882352941,"#832681"],[0.3803921568627451,"#842681"],[0.3843137254901961,"#862781"],[0.38823529411764707,"#882781"],[0.39215686274509803,"#892881"],[0.396078431372549,"#8B2981"],[0.4,"#8C2981"],[0.403921568627451,"#8E2A81"],[0.40784313725490196,"#902A81"],[0.4117647058823529,"#912B81"],[0.41568627450980394,"#932B80"],[0.4196078431372549,"#942C80"],[0.4235294117647059,"#962C80"],[0.42745098039215684,"#982D80"],[0.43137254901960786,"#992D80"],[0.43529411764705883,"#9B2E7F"],[0.4392156862745098,"#9C2E7F"],[0.44313725490196076,"#9E2F7F"],[0.4470588235294118,"#A02F7F"],[0.45098039215686275,"#A1307E"],[0.4549019607843137,"#A3307E"],[0.4588235294117647,"#A5317E"],[0.4627450980392157,"#A6317D"],[0.4666666666666667,"#A8327D"],[0.47058823529411764,"#AA337D"],[0.4745098039215686,"#AB337C"],[0.47843137254901963,"#AD347C"],[0.4823529411764706,"#AE347B"],[0.48627450980392156,"#B0357B"],[0.49019607843137253,"#B2357B"],[0.49411764705882355,"#B3367A"],[0.4980392156862745,"#B5367A"],[0.5019607843137255,"#B73779"],[0.5058823529411764,"#B83779"],[0.5098039215686274,"#BA3878"],[0.5137254901960784,"#BC3978"],[0.5176470588235295,"#BD3977"],[0.5215686274509804,"#BF3A77"],[0.5254901960784314,"#C03A76"],[0.5294117647058824,"#C23B75"],[0.5333333333333333,"#C43C75"],[0.5372549019607843,"#C53C74"],[0.5411764705882353,"#C73D73"],[0.5450980392156862,"#C83E73"],[0.5490196078431373,"#CA3E72"],[0.5529411764705883,"#CC3F71"],[0.5568627450980392,"#CD4071"],[0.5607843137254902,"#CF4070"],[0.5647058823529412,"#D0416F"],[0.5686274509803921,"#D2426F"],[0.5725490196078431,"#D3436E"],[0.5764705882352941,"#D5446D"],[0.5803921568627451,"#D6456C"],[0.5843137254901961,"#D8456C"],[0.5882352941176471,"#D9466B"],[0.592156862745098,"#DB476A"],[0.596078431372549,"#DC4869"],[0.6,"#DE4968"],[0.6039215686274509,"#DF4A68"],[0.6078431372549019,"#E04C67"],[0.611764705882353,"#E24D66"],[0.615686274509804,"#E34E65"],[0.6196078431372549,"#E44F64"],[0.6235294117647059,"#E55064"],[0.6274509803921569,"#E75263"],[0.6313725490196078,"#E85362"],[0.6352941176470588,"#E95462"],[0.6392156862745098,"#EA5661"],[0.6431372549019608,"#EB5760"],[0.6470588235294118,"#EC5860"],[0.6509803921568628,"#ED5A5F"],[0.6549019607843137,"#EE5B5E"],[0.6588235294117647,"#EF5D5E"],[0.6627450980392157,"#F05F5E"],[0.6666666666666666,"#F1605D"],[0.6705882352941176,"#F2625D"],[0.6745098039215687,"#F2645C"],[0.6784313725490196,"#F3655C"],[0.6823529411764706,"#F4675C"],[0.6862745098039216,"#F4695C"],[0.6901960784313725,"#F56B5C"],[0.6941176470588235,"#F66C5C"],[0.6980392156862745,"#F66E5C"],[0.7019607843137254,"#F7705C"],[0.7058823529411765,"#F7725C"],[0.7098039215686275,"#F8745C"],[0.7137254901960784,"#F8765C"],[0.7176470588235294,"#F9785D"],[0.7215686274509804,"#F9795D"],[0.7254901960784313,"#F97B5D"],[0.7294117647058823,"#FA7D5E"],[0.7333333333333333,"#FA7F5E"],[0.7372549019607844,"#FA815F"],[0.7411764705882353,"#FB835F"],[0.7450980392156863,"#FB8560"],[0.7490196078431373,"#FB8761"],[0.7529411764705882,"#FC8961"],[0.7568627450980392,"#FC8A62"],[0.7607843137254902,"#FC8C63"],[0.7647058823529411,"#FC8E64"],[0.7686274509803922,"#FC9065"],[0.7725490196078432,"#FD9266"],[0.7764705882352941,"#FD9467"],[0.7803921568627451,"#FD9668"],[0.7843137254901961,"#FD9869"],[0.788235294117647,"#FD9A6A"],[0.792156862745098,"#FD9B6B"],[0.796078431372549,"#FE9D6C"],[0.8,"#FE9F6D"],[0.803921568627451,"#FEA16E"],[0.807843137254902,"#FEA36F"],[0.8117647058823529,"#FEA571"],[0.8156862745098039,"#FEA772"],[0.8196078431372549,"#FEA973"],[0.8235294117647058,"#FEAA74"],[0.8274509803921568,"#FEAC76"],[0.8313725490196079,"#FEAE77"],[0.8352941176470589,"#FEB078"],[0.8392156862745098,"#FEB27A"],[0.8431372549019608,"#FEB47B"],[0.8470588235294118,"#FEB67C"],[0.8509803921568627,"#FEB77E"],[0.8549019607843137,"#FEB97F"],[0.8588235294117647,"#FEBB81"],[0.8627450980392157,"#FEBD82"],[0.8666666666666667,"#FEBF84"],[0.8705882352941177,"#FEC185"],[0.8745098039215686,"#FEC287"],[0.8784313725490196,"#FEC488"],[0.8823529411764706,"#FEC68A"],[0.8862745098039215,"#FEC88C"],[0.8901960784313725,"#FECA8D"],[0.8941176470588236,"#FECC8F"],[0.8980392156862745,"#FECD90"],[0.9019607843137255,"#FECF92"],[0.9058823529411765,"#FED194"],[0.9098039215686274,"#FED395"],[0.9137254901960784,"#FED597"],[0.9176470588235294,"#FED799"],[0.9215686274509803,"#FED89A"],[0.9254901960784314,"#FDDA9C"],[0.9294117647058824,"#FDDC9E"],[0.9333333333333333,"#FDDEA0"],[0.9372549019607843,"#FDE0A1"],[0.9411764705882353,"#FDE2A3"],[0.9450980392156862,"#FDE3A5"],[0.9490196078431372,"#FDE5A7"],[0.9529411764705882,"#FDE7A9"],[0.9568627450980393,"#FDE9AA"],[0.9607843137254902,"#FDEBAC"],[0.9647058823529412,"#FCECAE"],[0.9686274509803922,"#FCEEB0"],[0.9725490196078431,"#FCF0B2"],[0.9764705882352941,"#FCF2B4"],[0.9803921568627451,"#FCF4B6"],[0.984313725490196,"#FCF6B8"],[0.9882352941176471,"#FCF7B9"],[0.9921568627450981,"#FCF9BB"],[0.996078431372549,"#FCFBBD"],[1.0,"#FCFDBF"]],"yaxis":"y","z":[[0.0,0.33562243,0.40521163,0.98988825,0.99255264,0.98804605,0.99293864,0.9898287,0.9921665,0.9895384,0.98933303,0.9921477,0.98750526,0.98736346,0.98727196,0.9882046,0.9868755,0.9880044,0.9861469],[0.33562243,0.0,0.3851998,0.9926061,0.9939058,0.99091905,0.99441403,0.9927794,0.9933997,0.99141395,0.9912052,0.9935822,0.9907036,0.99008083,0.99071705,0.9911765,0.98888516,0.98955584,0.98864496],[0.40521163,0.3851998,0.0,0.99231905,0.9885119,0.99033195,0.993871,0.992381,0.9932023,0.9909295,0.99040204,0.99274904,0.98529565,0.98994493,0.9851485,0.9838961,0.982331,0.98438686,0.9833547],[0.98988825,0.9926061,0.99231905,0.0,0.25350773,0.35903183,0.35032856,0.3644552,0.3943601,0.39517182,0.41721997,0.45673177,0.8692376,0.87424606,0.8712664,0.88021517,0.86997485,0.8709927,0.8691759],[0.99255264,0.9939058,0.9885119,0.25350773,0.0,0.38093087,0.34209913,0.38417202,0.396193,0.41043133,0.42190227,0.45675904,0.86340207,0.877457,0.8643756,0.8760983,0.8630491,0.86346984,0.8637072],[0.98804605,0.99091905,0.99033195,0.35903183,0.38093087,0.0,0.34644935,0.36733317,0.3795424,0.38216132,0.38981915,0.44736284,0.8675958,0.87025267,0.8687922,0.87198323,0.86842954,0.8705733,0.8706522],[0.99293864,0.99441403,0.993871,0.35032856,0.34209913,0.34644935,0.0,0.36686257,0.3647541,0.37884963,0.39883876,0.43403524,0.87293404,0.8760664,0.87333024,0.88129765,0.8711974,0.87222844,0.87227076],[0.9898287,0.9927794,0.992381,0.3644552,0.38417202,0.36733317,0.36686257,0.0,0.36697045,0.39244953,0.41713423,0.43818104,0.8740367,0.87797123,0.87477505,0.88382953,0.8727703,0.8746306,0.8729046],[0.9921665,0.9933997,0.9932023,0.3943601,0.396193,0.3795424,0.3647541,0.36697045,0.0,0.40398946,0.40507436,0.44751728,0.8712087,0.8775137,0.8720895,0.8796405,0.8744053,0.8744914,0.87379384],[0.9895384,0.99141395,0.9909295,0.39517182,0.41043133,0.38216132,0.37884963,0.39244953,0.40398946,0.0,0.40241757,0.44680405,0.86685723,0.87104213,0.8694132,0.87707347,0.87034965,0.868529,0.86952496],[0.98933303,0.9912052,0.99040204,0.41721997,0.42190227,0.38981915,0.39883876,0.41713423,0.40507436,0.40241757,0.0,0.4705396,0.8571212,0.86094767,0.8560897,0.869248,0.86660266,0.8698253,0.8637982],[0.9921477,0.9935822,0.99274904,0.45673177,0.45675904,0.44736284,0.43403524,0.43818104,0.44751728,0.44680405,0.4705396,0.0,0.8665483,0.87150836,0.8685509,0.8785631,0.866226,0.86606586,0.8636502],[0.98750526,0.9907036,0.98529565,0.8692376,0.86340207,0.8675958,0.87293404,0.8740367,0.8712087,0.86685723,0.8571212,0.8665483,0.0,0.292087,0.47397587,0.46442533,0.73314947,0.73826075,0.69749916],[0.98736346,0.99008083,0.98994493,0.87424606,0.877457,0.87025267,0.8760664,0.87797123,0.8775137,0.87104213,0.86094767,0.87150836,0.292087,0.0,0.48824593,0.48348823,0.7330621,0.74420214,0.6969431],[0.98727196,0.99071705,0.9851485,0.8712664,0.8643756,0.8687922,0.87333024,0.87477505,0.8720895,0.8694132,0.8560897,0.8685509,0.47397587,0.48824593,0.0,0.45459977,0.73203987,0.73397654,0.7028848],[0.9882046,0.9911765,0.9838961,0.88021517,0.8760983,0.87198323,0.88129765,0.88382953,0.8796405,0.87707347,0.869248,0.8785631,0.46442533,0.48348823,0.45459977,0.0,0.74550694,0.748664,0.7355031],[0.9868755,0.98888516,0.982331,0.86997485,0.8630491,0.86842954,0.8711974,0.8727703,0.8744053,0.87034965,0.86660266,0.866226,0.73314947,0.7330621,0.73203987,0.74550694,0.0,0.37421456,0.63058054],[0.9880044,0.98955584,0.98438686,0.8709927,0.86346984,0.8705733,0.87222844,0.8746306,0.8744914,0.868529,0.8698253,0.86606586,0.73826075,0.74420214,0.73397654,0.748664,0.37421456,0.0,0.65458935],[0.9861469,0.98864496,0.9833547,0.8691759,0.8637072,0.8706522,0.87227076,0.8729046,0.87379384,0.86952496,0.8637982,0.8636502,0.69749916,0.6969431,0.7028848,0.7355031,0.63058054,0.65458935,0.0]],"x":[0.5,1.5,2.5,3.5,4.5,5.5,6.5,7.5,8.5,9.5,10.5,11.5,12.5,13.5,14.5,15.5,16.5,17.5,18.5,19.5]},{"showlegend":false,"mode":"lines","xaxis":"x2","line":{"color":"gray"},"y":[8.25,12.0,null,8.25,8.25,null,12.0,12.0,null],"type":"scatter","hoverinfo":"skip","yaxis":"y","x":[0.4705395996570587,0.4705395996570587,null,0.4705395996570587,0.42190226912498474,null,0.4705395996570587,0.0,null]},{"showlegend":false,"mode":"lines","xaxis":"x2","line":{"color":"gray"},"y":[13.0,14.0,null,13.0,13.0,null,14.0,14.0,null],"type":"scatter","hoverinfo":"skip","yaxis":"y","x":[0.29208698868751526,0.29208698868751526,null,0.29208698868751526,0.0,null,0.29208698868751526,0.0,null]},{"showlegend":false,"mode":"lines","xaxis":"x2","line":{"color":"gray"},"y":[6.5,8.5,null,6.5,6.5,null,8.5,8.5,null],"type":"scatter","hoverinfo":"skip","yaxis":"y","x":[0.37954241037368774,0.37954241037368774,null,0.37954241037368774,0.3464493453502655,null,0.37954241037368774,0.3669704496860504,null]},{"showlegend":false,"mode":"lines","xaxis":"x2","line":{"color":"gray"},"y":[17.0,18.0,null,17.0,17.0,null,18.0,18.0,null],"type":"scatter","hoverinfo":"skip","yaxis":"y","x":[0.3742145597934723,0.3742145597934723,null,0.3742145597934723,0.0,null,0.3742145597934723,0.0,null]},{"showlegend":false,"mode":"lines","xaxis":"x2","line":{"color":"gray"},"y":[14.5,18.25,null,14.5,14.5,null,18.25,18.25,null],"type":"scatter","hoverinfo":"skip","yaxis":"y","x":[0.7486640214920044,0.7486640214920044,null,0.7486640214920044,0.4882459342479706,null,0.7486640214920044,0.6545893549919128,null]},{"showlegend":false,"mode":"lines","xaxis":"x2","line":{"color":"gray"},"y":[17.5,19.0,null,17.5,17.5,null,19.0,19.0,null],"type":"scatter","hoverinfo":"skip","yaxis":"y","x":[0.6545893549919128,0.6545893549919128,null,0.6545893549919128,0.3742145597934723,null,0.6545893549919128,0.0,null]},{"showlegend":false,"mode":"lines","xaxis":"x2","line":{"color":"gray"},"y":[1.5,3.0,null,1.5,1.5,null,3.0,3.0,null],"type":"scatter","hoverinfo":"skip","yaxis":"y","x":[0.4052116274833679,0.4052116274833679,null,0.4052116274833679,0.3356224298477173,null,0.4052116274833679,0.0,null]},{"showlegend":false,"mode":"lines","xaxis":"x2","line":{"color":"gray"},"y":[1.0,2.0,null,1.0,1.0,null,2.0,2.0,null],"type":"scatter","hoverinfo":"skip","yaxis":"y","x":[0.3356224298477173,0.3356224298477173,null,0.3356224298477173,0.0,null,0.3356224298477173,0.0,null]},{"showlegend":false,"mode":"lines","xaxis":"x2","line":{"color":"gray"},"y":[8.0,9.0,null,8.0,8.0,null,9.0,9.0,null],"type":"scatter","hoverinfo":"skip","yaxis":"y","x":[0.3669704496860504,0.3669704496860504,null,0.3669704496860504,0.0,null,0.3669704496860504,0.0,null]},{"showlegend":false,"mode":"lines","xaxis":"x2","line":{"color":"gray"},"y":[2.25,13.25,null,2.25,2.25,null,13.25,13.25,null],"type":"scatter","hoverinfo":"skip","yaxis":"y","x":[0.9944140315055847,0.9944140315055847,null,0.9944140315055847,0.4052116274833679,null,0.9944140315055847,0.8838295340538025,null]},{"showlegend":false,"mode":"lines","xaxis":"x2","line":{"color":"gray"},"y":[10.0,11.0,null,10.0,10.0,null,11.0,11.0,null],"type":"scatter","hoverinfo":"skip","yaxis":"y","x":[0.4024175703525543,0.4024175703525543,null,0.4024175703525543,0.0,null,0.4024175703525543,0.0,null]},{"showlegend":false,"mode":"lines","xaxis":"x2","line":{"color":"gray"},"y":[4.0,5.0,null,4.0,4.0,null,5.0,5.0,null],"type":"scatter","hoverinfo":"skip","yaxis":"y","x":[0.25350773334503174,0.25350773334503174,null,0.25350773334503174,0.0,null,0.25350773334503174,0.0,null]},{"showlegend":false,"mode":"lines","xaxis":"x2","line":{"color":"gray"},"y":[6.0,7.0,null,6.0,6.0,null,7.0,7.0,null],"type":"scatter","hoverinfo":"skip","yaxis":"y","x":[0.3464493453502655,0.3464493453502655,null,0.3464493453502655,0.0,null,0.3464493453502655,0.0,null]},{"showlegend":false,"mode":"lines","xaxis":"x2","line":{"color":"gray"},"y":[15.0,16.0,null,15.0,15.0,null,16.0,16.0,null],"type":"scatter","hoverinfo":"skip","yaxis":"y","x":[0.4545997679233551,0.4545997679233551,null,0.4545997679233551,0.0,null,0.4545997679233551,0.0,null]},{"showlegend":false,"mode":"lines","xaxis":"x2","line":{"color":"gray"},"y":[4.5,7.5,null,4.5,4.5,null,7.5,7.5,null],"type":"scatter","hoverinfo":"skip","yaxis":"y","x":[0.3961929976940155,0.3961929976940155,null,0.3961929976940155,0.25350773334503174,null,0.3961929976940155,0.37954241037368774,null]},{"showlegend":false,"mode":"lines","xaxis":"x2","line":{"color":"gray"},"y":[10.125,16.375,null,10.125,10.125,null,16.375,16.375,null],"type":"scatter","hoverinfo":"skip","yaxis":"y","x":[0.8838295340538025,0.8838295340538025,null,0.8838295340538025,0.4705395996570587,null,0.8838295340538025,0.7486640214920044,null]},{"showlegend":false,"mode":"lines","xaxis":"x2","line":{"color":"gray"},"y":[13.5,15.5,null,13.5,13.5,null,15.5,15.5,null],"type":"scatter","hoverinfo":"skip","yaxis":"y","x":[0.4882459342479706,0.4882459342479706,null,0.4882459342479706,0.29208698868751526,null,0.4882459342479706,0.4545997679233551,null]},{"showlegend":false,"mode":"lines","xaxis":"x2","line":{"color":"gray"},"y":[6.0,10.5,null,6.0,6.0,null,10.5,10.5,null],"type":"scatter","hoverinfo":"skip","yaxis":"y","x":[0.42190226912498474,0.42190226912498474,null,0.42190226912498474,0.3961929976940155,null,0.42190226912498474,0.4024175703525543,null]},{"showlegend":false,"mode":"markers","xaxis":"x2","marker":{"color":"gray","size":[8,8,8,4,8,8,8,8,8,4,8,4,8,4,8,4,8,8]},"y":[14.5,10.125,13.5,7.5,16.375,2.25,18.25,17.5,1.5,8.5,7.75,10.5,4.5,6.5,15.5,6.0,13.25,8.25],"type":"scatter","customdata":[[33,4],[32,9],[21,2],[26,4],[35,7],[29,3],[34,3],[25,2],[22,2],[24,2],[37,19],[28,2],[20,2],[23,2],[31,2],[27,6],[36,16],[30,8]],"yaxis":"y","hovertemplate":"ID: %{customdata[0]}<br>\nHeight: %{x:.3f}<br>\nGenome count: %{customdata[1]}\n<extra></extra>\n","x":[0.4882459342479706,0.4705395996570587,0.29208698868751526,0.37954241037368774,0.7486640214920044,0.4052116274833679,0.6545893549919128,0.3742145597934723,0.3356224298477173,0.3669704496860504,0.9944140315055847,0.4024175703525543,0.25350773334503174,0.3464493453502655,0.4545997679233551,0.3961929976940155,0.8838295340538025,0.42190226912498474]},{"mode":"lines","xaxis":"x2","line":{"color":"red"},"y":[1.0,19.0],"type":"scatter","hoverinfo":"skip","x":[0.96760094,0.96760094]},{"mode":"lines","xaxis":"x2","line":{"color":"green"},"y":[1.0,19.0],"type":"scatter","hoverinfo":"skip","x":[0.9903174638748169,0.9903174638748169]}]};
  Plotly.newPlot(gd, plot_json);
  window.onresize = function() {
    Plotly.Plots.resize(gd);
  };
  return gd;
})();

 </script>

</body>
</html>
