<html>
<head>
<script src="https://cdn.plot.ly/plotly-1.54.7.min.js"></script>
</head>
<body>
  <script>
    gd = (function() {
  var WIDTH_IN_PERCENT_OF_PARENT = 100;
  var HEIGHT_IN_PERCENT_OF_PARENT = 100;
  var gd = Plotly.d3.select('body')
    .append('div').attr("id", "c8a5adc5-f8df-4955-b338-c800ab0c7f19")
    .style({
      width: WIDTH_IN_PERCENT_OF_PARENT + '%',
      'margin-left': (100 - WIDTH_IN_PERCENT_OF_PARENT) / 2 + '%',
      height: HEIGHT_IN_PERCENT_OF_PARENT + 'vh',
      'margin-top': (100 - HEIGHT_IN_PERCENT_OF_PARENT) / 2 + 'vh'
    })
    .node();
  var plot_json = {"layout":{"showlegend":false,"xaxis":{"scaleanchor":"y","visible":false,"domain":[0.504950495049505,1.0]},"hovermode":"closest","xaxis2":{"rangemode":"nonnegative","domain":[0.0,0.49504950495049505],"autorange":"reversed"},"height":550,"margin":{"l":50,"b":50,"r":50,"t":60},"yaxis":{"scaleanchor":"x","visible":false},"title":"Salmonella enterica, 4650 genomes, 19 overlaps, min inter = 0.8342","width":1000},"frames":[],"data":[{"xaxis":"x","y":[0.5,2.5,5.949489742783178,9.185557720282969,11.185557720282969,13.599771282656064,15.599771282656064,16.599771282656064,17.599771282656064,21.245522593720654,22.245522593720654,25.481590571220444,28.213641378789323,30.213641378789323,34.04206850353551,35.04206850353551,44.04206850353551,49.400967447076184,55.9687318099062,56.9687318099062,59.70078261747508,61.70078261747508,74.53294218367431,119.84998179599498,140.39480208168703,146.96256644451705,150.41205618730024,164.60296214557314,192.84263908932562,194.84263908932562,202.550843021825,209.71525702479397,210.71525702479397,213.44730783236284,215.86152139473595,219.31101113751913,220.31101113751913,222.31101113751913,227.7831470925187,234.7831470925187,239.0997718828741,244.89560340618684,251.64016605272485,255.80244371289325,257.80244371289325,258.80244371289325,262.80244371289325,263.80244371289325,269.90146322648604,272.63351403405494,274.63351403405494,277.04772759642805,280.2837955739278,281.2837955739278,282.2837955739278,288.76102114897947,299.2478541294846,305.8156184923146,312.01177091502126,313.01177091502126,314.01177091502126,317.24783889252103,318.24783889252103,322.989496279295,333.47632925980014,341.0337677841021,343.0337677841021,345.4479813464752,346.4479813464752,347.4479813464752,348.4479813464752,351.8974710892584,353.8974710892584,357.13353906675815,362.3761797538774,374.8653050469535,375.8653050469535,388.17901354593823,390.59322710831134,395.8358677954306,396.8358677954306,398.8358677954306,402.4816191064952,403.4816191064952,406.93110884927836,407.93110884927836,411.16717682677813,413.899227634347,414.899227634347,415.899227634347,416.899227634347,417.899227634347,420.31344119672013,421.31344119672013,422.31344119672013,423.31344119672013,424.31344119672013,427.31344119672013,428.31344119672013,431.04549200428903,433.7775428118579],"type":"heatmap","colorscale":[[0.0,"#000004"],[0.00392156862745098,"#010005"],[0.00784313725490196,"#010106"],[0.011764705882352941,"#010108"],[0.01568627450980392,"#020109"],[0.0196078431372549,"#02020B"],[0.023529411764705882,"#02020D"],[0.027450980392156862,"#03030F"],[0.03137254901960784,"#030312"],[0.03529411764705882,"#040414"],[0.0392156862745098,"#050416"],[0.043137254901960784,"#060518"],[0.047058823529411764,"#06051A"],[0.050980392156862744,"#07061C"],[0.054901960784313725,"#08071E"],[0.058823529411764705,"#090720"],[0.06274509803921569,"#0A0822"],[0.06666666666666667,"#0B0924"],[0.07058823529411765,"#0C0926"],[0.07450980392156863,"#0D0A29"],[0.0784313725490196,"#0E0B2B"],[0.08235294117647059,"#100B2D"],[0.08627450980392157,"#110C2F"],[0.09019607843137255,"#120D31"],[0.09411764705882353,"#130D34"],[0.09803921568627451,"#140E36"],[0.10196078431372549,"#150E38"],[0.10588235294117647,"#160F3B"],[0.10980392156862745,"#180F3D"],[0.11372549019607843,"#19103F"],[0.11764705882352941,"#1A1042"],[0.12156862745098039,"#1C1044"],[0.12549019607843137,"#1D1147"],[0.12941176470588237,"#1E1149"],[0.13333333333333333,"#20114B"],[0.13725490196078433,"#21114E"],[0.1411764705882353,"#221150"],[0.1450980392156863,"#241253"],[0.14901960784313725,"#251255"],[0.15294117647058825,"#271258"],[0.1568627450980392,"#29115A"],[0.1607843137254902,"#2A115C"],[0.16470588235294117,"#2C115F"],[0.16862745098039217,"#2D1161"],[0.17254901960784313,"#2F1163"],[0.17647058823529413,"#311165"],[0.1803921568627451,"#331067"],[0.1843137254901961,"#341069"],[0.18823529411764706,"#36106B"],[0.19215686274509805,"#38106C"],[0.19607843137254902,"#390F6E"],[0.2,"#3B0F70"],[0.20392156862745098,"#3D0F71"],[0.20784313725490197,"#3F0F72"],[0.21176470588235294,"#400F74"],[0.21568627450980393,"#420F75"],[0.2196078431372549,"#440F76"],[0.2235294117647059,"#451077"],[0.22745098039215686,"#471078"],[0.23137254901960785,"#491078"],[0.23529411764705882,"#4A1079"],[0.23921568627450981,"#4C117A"],[0.24313725490196078,"#4E117B"],[0.24705882352941178,"#4F127B"],[0.25098039215686274,"#51127C"],[0.2549019607843137,"#52137C"],[0.25882352941176473,"#54137D"],[0.2627450980392157,"#56147D"],[0.26666666666666666,"#57157E"],[0.27058823529411763,"#59157E"],[0.27450980392156865,"#5A167E"],[0.2784313725490196,"#5C167F"],[0.2823529411764706,"#5D177F"],[0.28627450980392155,"#5F187F"],[0.2901960784313726,"#601880"],[0.29411764705882354,"#621980"],[0.2980392156862745,"#641A80"],[0.30196078431372547,"#651A80"],[0.3058823529411765,"#671B80"],[0.30980392156862746,"#681C81"],[0.3137254901960784,"#6A1C81"],[0.3176470588235294,"#6B1D81"],[0.3215686274509804,"#6D1D81"],[0.3254901960784314,"#6E1E81"],[0.32941176470588235,"#701F81"],[0.3333333333333333,"#721F81"],[0.33725490196078434,"#732081"],[0.3411764705882353,"#752181"],[0.34509803921568627,"#762181"],[0.34901960784313724,"#782281"],[0.35294117647058826,"#792282"],[0.3568627450980392,"#7B2382"],[0.3607843137254902,"#7C2382"],[0.36470588235294116,"#7E2482"],[0.3686274509803922,"#802582"],[0.37254901960784315,"#812581"],[0.3764705882352941,"#832681"],[0.3803921568627451,"#842681"],[0.3843137254901961,"#862781"],[0.38823529411764707,"#882781"],[0.39215686274509803,"#892881"],[0.396078431372549,"#8B2981"],[0.4,"#8C2981"],[0.403921568627451,"#8E2A81"],[0.40784313725490196,"#902A81"],[0.4117647058823529,"#912B81"],[0.41568627450980394,"#932B80"],[0.4196078431372549,"#942C80"],[0.4235294117647059,"#962C80"],[0.42745098039215684,"#982D80"],[0.43137254901960786,"#992D80"],[0.43529411764705883,"#9B2E7F"],[0.4392156862745098,"#9C2E7F"],[0.44313725490196076,"#9E2F7F"],[0.4470588235294118,"#A02F7F"],[0.45098039215686275,"#A1307E"],[0.4549019607843137,"#A3307E"],[0.4588235294117647,"#A5317E"],[0.4627450980392157,"#A6317D"],[0.4666666666666667,"#A8327D"],[0.47058823529411764,"#AA337D"],[0.4745098039215686,"#AB337C"],[0.47843137254901963,"#AD347C"],[0.4823529411764706,"#AE347B"],[0.48627450980392156,"#B0357B"],[0.49019607843137253,"#B2357B"],[0.49411764705882355,"#B3367A"],[0.4980392156862745,"#B5367A"],[0.5019607843137255,"#B73779"],[0.5058823529411764,"#B83779"],[0.5098039215686274,"#BA3878"],[0.5137254901960784,"#BC3978"],[0.5176470588235295,"#BD3977"],[0.5215686274509804,"#BF3A77"],[0.5254901960784314,"#C03A76"],[0.5294117647058824,"#C23B75"],[0.5333333333333333,"#C43C75"],[0.5372549019607843,"#C53C74"],[0.5411764705882353,"#C73D73"],[0.5450980392156862,"#C83E73"],[0.5490196078431373,"#CA3E72"],[0.5529411764705883,"#CC3F71"],[0.5568627450980392,"#CD4071"],[0.5607843137254902,"#CF4070"],[0.5647058823529412,"#D0416F"],[0.5686274509803921,"#D2426F"],[0.5725490196078431,"#D3436E"],[0.5764705882352941,"#D5446D"],[0.5803921568627451,"#D6456C"],[0.5843137254901961,"#D8456C"],[0.5882352941176471,"#D9466B"],[0.592156862745098,"#DB476A"],[0.596078431372549,"#DC4869"],[0.6,"#DE4968"],[0.6039215686274509,"#DF4A68"],[0.6078431372549019,"#E04C67"],[0.611764705882353,"#E24D66"],[0.615686274509804,"#E34E65"],[0.6196078431372549,"#E44F64"],[0.6235294117647059,"#E55064"],[0.6274509803921569,"#E75263"],[0.6313725490196078,"#E85362"],[0.6352941176470588,"#E95462"],[0.6392156862745098,"#EA5661"],[0.6431372549019608,"#EB5760"],[0.6470588235294118,"#EC5860"],[0.6509803921568628,"#ED5A5F"],[0.6549019607843137,"#EE5B5E"],[0.6588235294117647,"#EF5D5E"],[0.6627450980392157,"#F05F5E"],[0.6666666666666666,"#F1605D"],[0.6705882352941176,"#F2625D"],[0.6745098039215687,"#F2645C"],[0.6784313725490196,"#F3655C"],[0.6823529411764706,"#F4675C"],[0.6862745098039216,"#F4695C"],[0.6901960784313725,"#F56B5C"],[0.6941176470588235,"#F66C5C"],[0.6980392156862745,"#F66E5C"],[0.7019607843137254,"#F7705C"],[0.7058823529411765,"#F7725C"],[0.7098039215686275,"#F8745C"],[0.7137254901960784,"#F8765C"],[0.7176470588235294,"#F9785D"],[0.7215686274509804,"#F9795D"],[0.7254901960784313,"#F97B5D"],[0.7294117647058823,"#FA7D5E"],[0.7333333333333333,"#FA7F5E"],[0.7372549019607844,"#FA815F"],[0.7411764705882353,"#FB835F"],[0.7450980392156863,"#FB8560"],[0.7490196078431373,"#FB8761"],[0.7529411764705882,"#FC8961"],[0.7568627450980392,"#FC8A62"],[0.7607843137254902,"#FC8C63"],[0.7647058823529411,"#FC8E64"],[0.7686274509803922,"#FC9065"],[0.7725490196078432,"#FD9266"],[0.7764705882352941,"#FD9467"],[0.7803921568627451,"#FD9668"],[0.7843137254901961,"#FD9869"],[0.788235294117647,"#FD9A6A"],[0.792156862745098,"#FD9B6B"],[0.796078431372549,"#FE9D6C"],[0.8,"#FE9F6D"],[0.803921568627451,"#FEA16E"],[0.807843137254902,"#FEA36F"],[0.8117647058823529,"#FEA571"],[0.8156862745098039,"#FEA772"],[0.8196078431372549,"#FEA973"],[0.8235294117647058,"#FEAA74"],[0.8274509803921568,"#FEAC76"],[0.8313725490196079,"#FEAE77"],[0.8352941176470589,"#FEB078"],[0.8392156862745098,"#FEB27A"],[0.8431372549019608,"#FEB47B"],[0.8470588235294118,"#FEB67C"],[0.8509803921568627,"#FEB77E"],[0.8549019607843137,"#FEB97F"],[0.8588235294117647,"#FEBB81"],[0.8627450980392157,"#FEBD82"],[0.8666666666666667,"#FEBF84"],[0.8705882352941177,"#FEC185"],[0.8745098039215686,"#FEC287"],[0.8784313725490196,"#FEC488"],[0.8823529411764706,"#FEC68A"],[0.8862745098039215,"#FEC88C"],[0.8901960784313725,"#FECA8D"],[0.8941176470588236,"#FECC8F"],[0.8980392156862745,"#FECD90"],[0.9019607843137255,"#FECF92"],[0.9058823529411765,"#FED194"],[0.9098039215686274,"#FED395"],[0.9137254901960784,"#FED597"],[0.9176470588235294,"#FED799"],[0.9215686274509803,"#FED89A"],[0.9254901960784314,"#FDDA9C"],[0.9294117647058824,"#FDDC9E"],[0.9333333333333333,"#FDDEA0"],[0.9372549019607843,"#FDE0A1"],[0.9411764705882353,"#FDE2A3"],[0.9450980392156862,"#FDE3A5"],[0.9490196078431372,"#FDE5A7"],[0.9529411764705882,"#FDE7A9"],[0.9568627450980393,"#FDE9AA"],[0.9607843137254902,"#FDEBAC"],[0.9647058823529412,"#FCECAE"],[0.9686274509803922,"#FCEEB0"],[0.9725490196078431,"#FCF0B2"],[0.9764705882352941,"#FCF2B4"],[0.9803921568627451,"#FCF4B6"],[0.984313725490196,"#FCF6B8"],[0.9882352941176471,"#FCF7B9"],[0.9921568627450981,"#FCF9BB"],[0.996078431372549,"#FCFBBD"],[1.0,"#FCFDBF"]],"yaxis":"y","z":[[0.038684376,0.9567076,0.9474477,0.94656336,0.9474316,0.9448728,0.9476536,0.9472778,0.94687486,0.94741255,0.94675076,0.94715774,0.94781566,0.94616723,0.94840115,0.94569325,0.946261,0.94695556,0.9543682,0.9475622,0.9474975,0.9465222,0.94634527,0.94473934,0.94510305,0.94648665,0.9456691,0.9444936,0.94658524,0.945746,0.9454473,0.9484916,0.946497,0.9463412,0.94709253,0.94606316,0.9470275,0.9457058,0.9442041,0.9454473,0.94511837,0.94717634,0.9447214,0.94714177,0.9471404,0.94483644,0.94723487,0.9455675,0.94576734,0.9456131,0.94658595,0.9458781,0.9474174,0.9471664,0.94554603,0.9451723,0.94662786,0.94625294,0.94718635,0.949767,0.94727516,0.9462913,0.9460697,0.9473581,0.9467195,0.94629353,0.94712925,0.9472996,0.94666207,0.9473982,0.94782907,0.94575953,0.9459868,0.9435613,0.9450479,0.9487216,0.94623446,0.94622815,0.9469151,0.9473479,0.945151,0.9457849,0.9474564,0.94651234,0.9446281,0.94392204,0.9458523,0.94068956,0.94684875,0.94580555,0.946907,0.94586205,0.94603896,0.94621086,0.94838804,0.9489908,0.9565556,0.9579546,0.9557336,0.9533398],[0.9567076,0.24318102,0.77162147,0.77103406,0.7690387,0.7686888,0.77173525,0.7792928,0.76891017,0.7707002,0.7662823,0.7644294,0.767972,0.7685909,0.77775115,0.7635364,0.7683122,0.76652753,0.803829,0.76763284,0.76480913,0.7701643,0.77343893,0.7657157,0.7682268,0.769193,0.76925904,0.7689346,0.7762978,0.76626796,0.76849157,0.77647334,0.77110845,0.772527,0.771157,0.77405256,0.7776179,0.7725062,0.77055883,0.7696671,0.77022195,0.76945525,0.7675428,0.77440506,0.775433,0.7710733,0.7787825,0.76593524,0.77193195,0.7675272,0.77163136,0.769329,0.77594835,0.77361494,0.7685576,0.7681821,0.77054775,0.77083963,0.7728373,0.7871639,0.7772122,0.7822789,0.7723759,0.7723488,0.77382964,0.77731884,0.7720566,0.7746758,0.77352905,0.782441,0.7733365,0.7721137,0.7708686,0.772301,0.7708625,0.7784655,0.76877266,0.773428,0.76796097,0.76880085,0.7738443,0.7747203,0.7809702,0.7674056,0.77457166,0.7728585,0.7703745,0.7753462,0.7742977,0.7695027,0.77594835,0.7698118,0.7737266,0.7740886,0.775459,0.76060736,0.742099,0.76397294,0.7710798,0.7535973],[0.9474477,0.77162147,0.1152869,0.25764963,0.24768598,0.25541717,0.30841196,0.3033209,0.27891955,0.32113656,0.27310926,0.27106443,0.25231007,0.2633804,0.3197577,0.25250676,0.25641897,0.2500213,0.4217806,0.41721803,0.42400372,0.39897233,0.4130085,0.38172588,0.3856523,0.37197164,0.3814393,0.37407377,0.39472884,0.36978212,0.3757454,0.40710765,0.40890008,0.3938882,0.40386525,0.4015826,0.40465572,0.38375673,0.38302487,0.37521568,0.37250903,0.37572572,0.37494078,0.3987366,0.39657384,0.3784755,0.3949876,0.36621377,0.37938783,0.37711114,0.37147763,0.38084495,0.39099306,0.39171064,0.35727817,0.375069,0.3792595,0.38462734,0.3800849,0.422019,0.40521997,0.4204901,0.39028323,0.39128762,0.3847039,0.39650235,0.38349813,0.38311887,0.39218703,0.4175224,0.3767871,0.38050735,0.383479,0.367926,0.37369862,0.42217034,0.37385356,0.39952466,0.3911535,0.40878737,0.39496768,0.4035448,0.42235798,0.35479727,0.4043534,0.39803234,0.3868766,0.39844465,0.39171752,0.377272,0.40399817,0.39103854,0.40553588,0.40671265,0.40855014,0.44238684,0.698619,0.7233468,0.7028916,0.626244],[0.94656336,0.77103406,0.25764963,0.22233292,0.23729108,0.24712594,0.2926273,0.28882614,0.26786017,0.29504523,0.24666609,0.2510366,0.24044475,0.24049757,0.30185154,0.2416791,0.24075821,0.23666175,0.40640578,0.40202832,0.4118201,0.38387254,0.40941066,0.37541738,0.37906393,0.3604651,0.37042862,0.35960668,0.38583103,0.36401132,0.36668256,0.4051385,0.39818478,0.38002655,0.3898094,0.38947287,0.3979162,0.3801402,0.3736888,0.36216822,0.35927904,0.36241823,0.36376753,0.38266978,0.38547572,0.3670896,0.40149343,0.36721495,0.36829153,0.36895737,0.37083694,0.3710836,0.38507137,0.38011336,0.3529269,0.3601059,0.38210937,0.3754218,0.3725567,0.42366245,0.3989422,0.4147113,0.39180517,0.37798294,0.3752153,0.39644024,0.37615678,0.37240574,0.38616174,0.41880593,0.37029535,0.37633982,0.3795341,0.3628554,0.37262148,0.40698105,0.36837098,0.390007,0.38991007,0.40469432,0.38991362,0.3948425,0.41473246,0.33469924,0.3955968,0.38927162,0.37309784,0.3811189,0.3750492,0.3601108,0.38957626,0.3766336,0.40004584,0.4076244,0.40473786,0.4362302,0.6947169,0.7228409,0.7026258,0.6241847],[0.9474316,0.7690387,0.24768598,0.23729108,0.25137058,0.22808729,0.27497494,0.29159856,0.23465894,0.27461848,0.24317683,0.23508586,0.23498186,0.23940325,0.30173907,0.22523585,0.24480931,0.22454771,0.4098191,0.4095886,0.40962413,0.385606,0.3998084,0.37403038,0.37111503,0.36134455,0.36389986,0.36528248,0.38552424,0.3580847,0.3590393,0.4040404,0.38688448,0.37653878,0.38815996,0.38440353,0.39679453,0.3829401,0.36696953,0.35511434,0.3588805,0.3675545,0.35574093,0.39148936,0.3920415,0.36477226,0.39355484,0.3545989,0.36083224,0.35693437,0.36859027,0.3744504,0.38321313,0.37858865,0.34337845,0.36454362,0.3672375,0.38196436,0.37074992,0.4211224,0.39600614,0.4125822,0.38943896,0.3703024,0.37408468,0.39617106,0.37313196,0.3810906,0.37854588,0.4126083,0.37397087,0.3653331,0.37835476,0.36662307,0.37243426,0.4079512,0.3689844,0.39633906,0.3748165,0.3906385,0.39625463,0.39114043,0.4088318,0.33480322,0.3924337,0.38074553,0.37232766,0.39013487,0.37677574,0.36163723,0.39737582,0.3812256,0.39933303,0.39875588,0.4042117,0.4323793,0.6905483,0.71996385,0.699111,0.6223762],[0.9448728,0.7686888,0.25541717,0.24712594,0.22808729,0.06069501,0.26253885,0.29466397,0.24076177,0.28181434,0.24525164,0.23110993,0.23631708,0.23871307,0.30910432,0.21872728,0.22674981,0.23450159,0.40019426,0.4084408,0.40259326,0.37703842,0.40144938,0.3690515,0.3619691,0.36138454,0.3592327,0.36081645,0.37817895,0.35352367,0.35665017,0.40101063,0.3933754,0.3748809,0.39120844,0.3836478,0.397406,0.3762956,0.36503217,0.36523217,0.35932425,0.36336458,0.35121194,0.39439166,0.39017028,0.35939267,0.39070556,0.3554541,0.36127052,0.3524549,0.36717808,0.36814684,0.3844998,0.37998757,0.34617284,0.36741656,0.36609358,0.37305203,0.36909395,0.42420906,0.40134546,0.4134974,0.38423994,0.3725334,0.3719061,0.3862085,0.37096775,0.38135526,0.37971774,0.40949178,0.3743776,0.37393197,0.3732103,0.3633844,0.366782,0.40576765,0.3640174,0.38313693,0.37138894,0.3924011,0.38597184,0.38670862,0.4107346,0.33100176,0.386774,0.381904,0.37456083,0.39063722,0.37743965,0.36285737,0.3903337,0.3760677,0.39559075,0.3928543,0.40406427,0.41744718,0.6867338,0.7151998,0.69591296,0.62172335],[0.9476536,0.77173525,0.30841196,0.2926273,0.27497494,0.26253885,0.0,0.31734663,0.29004437,0.3108871,0.28999257,0.27646077,0.29427794,0.2947822,0.34307703,0.2765451,0.28985152,0.28764972,0.43402824,0.4300955,0.41958952,0.41888246,0.43251002,0.40373862,0.3940319,0.39565817,0.39798948,0.39742318,0.41401604,0.39484945,0.39247313,0.4252195,0.4159079,0.40601447,0.41298136,0.40284252,0.41106308,0.40617952,0.3899664,0.3953524,0.39481136,0.39868432,0.39633253,0.42658123,0.41256467,0.39527595,0.42865458,0.39569005,0.39609644,0.39480928,0.40087938,0.40371212,0.4149144,0.40456092,0.3841454,0.40158743,0.404429,0.40665,0.4052165,0.4460038,0.42631194,0.43877116,0.4229029,0.40565825,0.40723437,0.4172683,0.4054421,0.41271847,0.41736,0.44783714,0.4026462,0.40654135,0.4106055,0.39782354,0.40445763,0.43713346,0.3960545,0.41895357,0.4089437,0.41281724,0.4247087,0.41365373,0.43393633,0.37142408,0.41308716,0.4199762,0.4044296,0.42455488,0.40649608,0.39303103,0.42743906,0.4093523,0.41874075,0.43136367,0.43793824,0.45829287,0.7019688,0.7265611,0.70983607,0.6330494],[0.9472778,0.7792928,0.3033209,0.28882614,0.29159856,0.29466397,0.31734663,0.0,0.29855448,0.32448027,0.27711135,0.28110865,0.29639888,0.27375072,0.34332028,0.27972376,0.29088265,0.2564614,0.4368932,0.4434572,0.4364521,0.42757627,0.4383181,0.41134804,0.4055855,0.39438313,0.41015685,0.39642695,0.41600645,0.39602688,0.39115906,0.4378882,0.42476135,0.40813747,0.41827244,0.40830988,0.42950773,0.40177307,0.39906844,0.3942519,0.3969944,0.39122182,0.3960689,0.4281827,0.41003877,0.39769214,0.4284995,0.40169212,0.39995474,0.40287548,0.40915188,0.40661478,0.42334095,0.4025793,0.38526154,0.3933187,0.41108218,0.40901276,0.41052788,0.45754424,0.43142325,0.43773744,0.4276711,0.40932757,0.4070902,0.41954482,0.41222444,0.41530898,0.4133373,0.4472562,0.39695793,0.40568104,0.40781832,0.39081877,0.4000151,0.44173422,0.39844617,0.40763804,0.42116404,0.43015003,0.42992717,0.42346713,0.44385216,0.37800634,0.4252756,0.4202675,0.41300133,0.42073932,0.41489917,0.39751086,0.42879087,0.41286182,0.4226247,0.43269017,0.43617177,0.4709885,0.70739704,0.7296277,0.7101171,0.636947],[0.94687486,0.76891017,0.27891955,0.26786017,0.23465894,0.24076177,0.29004437,0.29855448,0.17788883,0.2735043,0.269844,0.25097868,0.24721158,0.26079106,0.30945793,0.23949318,0.24674429,0.23727186,0.40711626,0.4133127,0.4061205,0.38821533,0.40383855,0.36882067,0.36666402,0.36538154,0.36488977,0.3668554,0.38199437,0.3581869,0.35885283,0.4072111,0.38900235,0.38028613,0.3899772,0.3803412,0.3805608,0.37000635,0.36189884,0.36502206,0.36211342,0.36531988,0.3600677,0.39693052,0.3882516,0.36904094,0.3997862,0.3636,0.36250806,0.35334778,0.36455515,0.3683218,0.38066608,0.38136703,0.3480802,0.35892683,0.37042344,0.3823111,0.37634492,0.4271569,0.40025955,0.41681457,0.3846214,0.3706576,0.37531525,0.4003373,0.38019368,0.38540122,0.38305432,0.41496447,0.37224844,0.37041515,0.37825915,0.36711952,0.36719248,0.40859652,0.36320794,0.3954776,0.38350764,0.3990545,0.39313364,0.3965678,0.41615373,0.336987,0.39540657,0.3762353,0.37807676,0.39232442,0.38322031,0.36894667,0.40379846,0.383407,0.40227324,0.40559658,0.39810652,0.43980038,0.6905297,0.7187223,0.6971679,0.62223417],[0.94741255,0.7707002,0.32113656,0.29504523,0.27461848,0.28181434,0.3108871,0.32448027,0.2735043,0.0,0.29353943,0.2814066,0.29100886,0.29469204,0.34484398,0.27171454,0.2923436,0.26990888,0.43455496,0.42353842,0.42163596,0.41176006,0.42860454,0.38942385,0.38881513,0.38921076,0.38211063,0.38485655,0.40685192,0.38142514,0.38510302,0.4252806,0.40611726,0.39445564,0.40705374,0.39729086,0.3995252,0.3953991,0.38469428,0.388116,0.38580513,0.3861098,0.3860465,0.41741192,0.41153845,0.39660278,0.4239899,0.38641927,0.3849662,0.3786085,0.3889841,0.3909013,0.40548664,0.40204158,0.376437,0.3865959,0.3956589,0.40213853,0.39799768,0.44900435,0.4158001,0.4327294,0.40819296,0.3954461,0.40054032,0.41610286,0.39857927,0.4069732,0.4074017,0.4301224,0.39412627,0.39483193,0.39882517,0.39603516,0.38822794,0.42594904,0.3878047,0.41418397,0.39732108,0.4045901,0.42271894,0.4106938,0.43589744,0.36405382,0.4114607,0.41040903,0.39487818,0.40834734,0.3992552,0.38780755,0.42086494,0.40094668,0.41700068,0.41827783,0.4187659,0.45478153,0.6967762,0.72444206,0.70597726,0.6267769],[0.94675076,0.7662823,0.27310926,0.24666609,0.24317683,0.24525164,0.28999257,0.27711135,0.269844,0.29353943,0.14716677,0.24306531,0.25415182,0.23961885,0.32170102,0.23619218,0.251594,0.24742718,0.41894203,0.39874804,0.40979904,0.38590658,0.40981662,0.3776889,0.3831102,0.37782913,0.37158865,0.37765577,0.3884577,0.374807,0.36929795,0.407997,0.39896494,0.38748723,0.3971659,0.39741796,0.41257292,0.3892239,0.38262537,0.36824298,0.37058917,0.3730566,0.3640564,0.39448178,0.38873,0.3797549,0.4002137,0.36858177,0.37502,0.3719954,0.381507,0.37959507,0.38901564,0.3830692,0.3572594,0.3741562,0.37617952,0.37586564,0.37306353,0.4230038,0.399664,0.41644385,0.38933563,0.3755943,0.3761286,0.39927837,0.3769377,0.37961444,0.38056457,0.41540056,0.37843153,0.37389416,0.37998894,0.37024036,0.38092965,0.40793818,0.37521955,0.39486054,0.383204,0.39658532,0.39217684,0.40380436,0.4151769,0.34043783,0.40043306,0.3943508,0.3859663,0.3945769,0.39006308,0.3681905,0.39465275,0.381183,0.4015742,0.40182394,0.41554186,0.4388798,0.69102925,0.7196879,0.6973847,0.6224881],[0.94715774,0.7644294,0.27106443,0.2510366,0.23508586,0.23110993,0.27646077,0.28110865,0.25097868,0.2814066,0.24306531,0.17477164,0.24727592,0.21173951,0.3107011,0.20935555,0.24065441,0.2389583,0.41447458,0.40965268,0.40689215,0.38345188,0.40127644,0.37422222,0.37104398,0.3687852,0.36803213,0.370718,0.3902458,0.36447984,0.36130857,0.40626413,0.3891177,0.3799445,0.38949448,0.38548058,0.40245038,0.38098636,0.3718195,0.3655217,0.36160532,0.3668228,0.35426483,0.39773887,0.3898581,0.36798906,0.39694482,0.35747492,0.3657867,0.35713094,0.37725893,0.3736,0.3885114,0.38041198,0.34780103,0.36473548,0.3699057,0.37594888,0.3731355,0.42501286,0.3965133,0.41014895,0.39025924,0.36697322,0.3666773,0.39548895,0.37741092,0.3743893,0.38027945,0.41278854,0.36743778,0.3680415,0.374801,0.31951913,0.36848447,0.40585175,0.36139414,0.38855112,0.37182316,0.37698382,0.38845393,0.39334744,0.408531,0.3302737,0.38834572,0.3281544,0.36886036,0.3880468,0.37489012,0.3598491,0.39605972,0.37558985,0.3965343,0.39587662,0.4056589,0.43059602,0.68979305,0.71726924,0.69395584,0.6168761],[0.94781566,0.767972,0.25231007,0.24044475,0.23498186,0.23631708,0.29427794,0.29639888,0.24721158,0.29100886,0.25415182,0.24727592,0.10157341,0.25316563,0.2999835,0.22307971,0.24556367,0.2327921,0.40940478,0.41346228,0.41458565,0.38553825,0.41100016,0.38009015,0.3777618,0.3656139,0.3713511,0.36248997,0.38871107,0.35867238,0.36695385,0.41077593,0.39721173,0.38707897,0.39894828,0.39554688,0.40031043,0.3848881,0.376149,0.36351845,0.35992235,0.37022716,0.3666044,0.3891124,0.38895783,0.36639562,0.39654642,0.36373234,0.36906105,0.36583748,0.37242484,0.37259924,0.38504156,0.3836551,0.35416153,0.36820355,0.374303,0.37473115,0.36975524,0.4195165,0.39512908,0.41402984,0.3841425,0.3781059,0.37826052,0.3949645,0.37144676,0.3776922,0.38640317,0.4152378,0.374931,0.36828893,0.3767183,0.36490336,0.37216958,0.40953526,0.36931184,0.38979575,0.38106066,0.39759225,0.38970065,0.40134197,0.4013163,0.335412,0.39933226,0.38715005,0.37821025,0.3899169,0.3775917,0.3662693,0.38847452,0.3799729,0.39600652,0.3994262,0.40310872,0.43682396,0.69041485,0.72029614,0.6969137,0.62148994],[0.94616723,0.7685909,0.2633804,0.24049757,0.23940325,0.23871307,0.2947822,0.27375072,0.26079106,0.29469204,0.23961885,0.21173951,0.25316563,0.2784031,0.2916393,0.2290814,0.2392133,0.22635195,0.4038396,0.4035294,0.40613118,0.3788739,0.4054842,0.35938635,0.36240324,0.3582999,0.36106423,0.36431167,0.38302663,0.3631983,0.3560515,0.40201157,0.38064823,0.36983487,0.37683332,0.37835512,0.39758757,0.37675586,0.36729822,0.35563806,0.36131096,0.36027583,0.3506769,0.3918845,0.38050362,0.35560015,0.38600227,0.35683915,0.3676224,0.35885167,0.3743256,0.36710578,0.37617728,0.37736142,0.34509516,0.3577216,0.36450973,0.361466,0.3658248,0.41978374,0.38520098,0.4135839,0.3862112,0.36496988,0.36660329,0.38415903,0.37140393,0.3727682,0.3703528,0.40795648,0.3665301,0.3681592,0.36919546,0.34788775,0.3594886,0.40353107,0.36242202,0.3885978,0.3735497,0.40046567,0.38787025,0.3909119,0.40424407,0.33151004,0.37701848,0.3799581,0.36109558,0.3731062,0.36764705,0.35737628,0.38585007,0.36748666,0.38638476,0.39318958,0.40186185,0.42766756,0.6926324,0.7195726,0.69785726,0.6210554],[0.94840115,0.77775115,0.3197577,0.30185154,0.30173907,0.30910432,0.34307703,0.34332028,0.30945793,0.34484398,0.32170102,0.3107011,0.2999835,0.2916393,0.0,0.29733142,0.30864197,0.29631767,0.45294848,0.43895912,0.43314818,0.4067202,0.42989308,0.3813084,0.37542558,0.37792408,0.38055083,0.37322578,0.39229897,0.37499014,0.37830234,0.42406526,0.39859712,0.3822447,0.39270175,0.38868612,0.40361807,0.38986146,0.38396525,0.36912122,0.3765586,0.37239927,0.37312967,0.4058552,0.39648336,0.37211472,0.4082145,0.3786143,0.3788478,0.37278247,0.3944618,0.3766334,0.40248805,0.4034306,0.3619695,0.37460962,0.3644693,0.36194786,0.37291524,0.42037168,0.37868753,0.40455902,0.37441415,0.35893843,0.35742658,0.37758267,0.3475216,0.36790067,0.3715699,0.40563154,0.36399412,0.36412957,0.35794392,0.36442968,0.35691294,0.39539334,0.37338722,0.40782714,0.39236355,0.41787586,0.38503453,0.4005295,0.414507,0.3549491,0.39604858,0.3945991,0.34419376,0.37025073,0.35809225,0.36906052,0.3875609,0.36196798,0.39136016,0.39357087,0.4018663,0.44402477,0.7035092,0.73119897,0.71068585,0.6278481],[0.94569325,0.7635364,0.25250676,0.2416791,0.22523585,0.21872728,0.2765451,0.27972376,0.23949318,0.27171454,0.23619218,0.20935555,0.22307971,0.2290814,0.29733142,0.2789395,0.23530461,0.21282984,0.39861426,0.39746553,0.397541,0.3731691,0.39455563,0.35822386,0.36337543,0.35328898,0.352873,0.3546326,0.377336,0.34862694,0.34596294,0.39767423,0.38130373,0.36899862,0.3735977,0.37941295,0.39239508,0.36835748,0.35628965,0.35189345,0.35236284,0.35676438,0.34735617,0.38230345,0.37832034,0.3571841,0.38336334,0.34935763,0.35775226,0.34611434,0.36203378,0.36385995,0.3734376,0.37046406,0.33780816,0.3515527,0.35490698,0.36104962,0.3572817,0.41016415,0.38531893,0.40319866,0.3775216,0.35769293,0.35189432,0.37988484,0.36944938,0.37160316,0.3648759,0.40340218,0.3607457,0.35401398,0.3637551,0.35415316,0.35866964,0.40072396,0.35364237,0.3788639,0.3608619,0.38224494,0.38307333,0.38417357,0.39840668,0.32179487,0.38211772,0.36634466,0.35945722,0.37514007,0.36205482,0.34994236,0.38388023,0.3655817,0.3871995,0.38440087,0.39329934,0.42044905,0.68436676,0.7142329,0.6895302,0.61335725],[0.946261,0.7683122,0.25641897,0.24075821,0.24480931,0.22674981,0.28985152,0.29088265,0.24674429,0.2923436,0.251594,0.24065441,0.24556367,0.2392133,0.30864197,0.23530461,0.24238914,0.22521731,0.31462955,0.4070371,0.4052485,0.3863288,0.40465152,0.3647894,0.37153023,0.3674603,0.3642279,0.35922486,0.37737182,0.3572539,0.36050433,0.40168414,0.39219666,0.3765195,0.3902382,0.3916745,0.39015123,0.36880934,0.3670754,0.36637,0.36228848,0.3634766,0.35796916,0.3916002,0.3884291,0.3683538,0.3776509,0.36204982,0.36267242,0.3597687,0.36797464,0.36418077,0.38214564,0.37935266,0.35919493,0.3578026,0.36964378,0.37727776,0.37080327,0.40503448,0.3988888,0.41265038,0.38752493,0.37420493,0.37753978,0.39501533,0.37651473,0.37888005,0.3843615,0.3883495,0.372888,0.37428916,0.37352464,0.36781523,0.36913922,0.40448007,0.36168024,0.3878892,0.38294622,0.3948941,0.38752347,0.3876689,0.41130912,0.33385658,0.39572603,0.38474682,0.37521774,0.39113185,0.3798229,0.36743927,0.3948288,0.3818268,0.39175493,0.39462373,0.39404443,0.43334112,0.6927776,0.7194651,0.6999482,0.61688054],[0.94695556,0.76652753,0.2500213,0.23666175,0.22454771,0.23450159,0.28764972,0.2564614,0.23727186,0.26990888,0.24742718,0.2389583,0.2327921,0.22635195,0.29631767,0.21282984,0.22521731,0.24899504,0.39604303,0.40227005,0.40112773,0.37545007,0.39910886,0.3667017,0.3715494,0.3550707,0.3605978,0.35599098,0.3762741,0.35290727,0.35082874,0.39717996,0.38839778,0.3778463,0.39042225,0.37842304,0.3873684,0.3715462,0.36121672,0.35859892,0.35497236,0.3547812,0.3499305,0.38129097,0.38114467,0.36641526,0.3698102,0.3557985,0.36263293,0.3575818,0.3666827,0.36392784,0.37796086,0.37659112,0.34312275,0.35848135,0.3622041,0.3691656,0.35443828,0.3851423,0.37799007,0.40202728,0.3739793,0.3677548,0.36699587,0.38868642,0.36673522,0.37193397,0.37418637,0.3756206,0.35057247,0.36248785,0.36335328,0.359436,0.36088952,0.40126574,0.36071342,0.38287294,0.37984934,0.38265622,0.3855745,0.38377485,0.40644673,0.31629232,0.3892696,0.3807541,0.3747013,0.378708,0.37795964,0.35196653,0.3929463,0.37270552,0.3878123,0.39614832,0.39454547,0.42714554,0.6903768,0.71947414,0.69650954,0.61852956],[0.9543682,0.803829,0.4217806,0.40640578,0.4098191,0.40019426,0.43402824,0.4368932,0.40711626,0.43455496,0.41894203,0.41447458,0.40940478,0.4038396,0.45294848,0.39861426,0.31462955,0.39604303,0.0,0.52332914,0.52171123,0.51300895,0.5253124,0.4920408,0.50102407,0.4954926,0.49220562,0.49549899,0.50820804,0.49018964,0.4883554,0.52361536,0.51448864,0.5021965,0.50781745,0.5121905,0.5151363,0.50401783,0.4944998,0.49728718,0.49534163,0.4965495,0.49154416,0.51378876,0.50999373,0.5007698,0.5159413,0.49305826,0.49402955,0.4904273,0.49650887,0.49675846,0.5050608,0.5021599,0.49293667,0.49202317,0.4939728,0.50408894,0.4987274,0.5338395,0.5184201,0.5309141,0.51233363,0.49862698,0.50606775,0.51666045,0.503416,0.5070813,0.5069912,0.52592367,0.5012371,0.504635,0.50362825,0.49867243,0.49562532,0.5229822,0.49296865,0.5104279,0.5115452,0.5167967,0.51097715,0.512152,0.5242981,0.47289434,0.5122441,0.50540966,0.5002242,0.51381457,0.50411904,0.49423298,0.51550215,0.50828767,0.5174353,0.52182513,0.51647794,0.5452133,0.7403003,0.7570217,0.74793047,0.6833194],[0.9475622,0.76763284,0.41721803,0.40202832,0.4095886,0.4084408,0.4300955,0.4434572,0.4133127,0.42353842,0.39874804,0.40965268,0.41346228,0.4035294,0.43895912,0.39746553,0.4070371,0.40227005,0.52332914,0.14054148,0.2807265,0.3445247,0.355332,0.38105014,0.38519672,0.37197763,0.38332427,0.37782118,0.39290628,0.3790297,0.37429202,0.40933904,0.3925886,0.38848922,0.39344516,0.39148152,0.3980316,0.38805738,0.38134333,0.3754753,0.3722323,0.3764045,0.36790496,0.39594418,0.39812914,0.38405627,0.40470836,0.3822421,0.39470637,0.36509356,0.383616,0.38451946,0.38033655,0.39641243,0.37908083,0.38095614,0.40426674,0.41550422,0.41894242,0.45063525,0.43296996,0.44973847,0.42076296,0.41111365,0.4089978,0.4321902,0.41294745,0.4098026,0.41715503,0.44238934,0.41145322,0.41355067,0.41102374,0.41165298,0.4111675,0.443778,0.3998477,0.38000312,0.36269137,0.37839726,0.38380146,0.39212817,0.4130079,0.39985883,0.40425533,0.40625477,0.4119721,0.41045514,0.4113725,0.40145984,0.41655308,0.38532326,0.40561032,0.41767162,0.43354094,0.45643216,0.69684196,0.7231758,0.70116055,0.6258396],[0.9474975,0.76480913,0.42400372,0.4118201,0.40962413,0.40259326,0.41958952,0.4364521,0.4061205,0.42163596,0.40979904,0.40689215,0.41458565,0.40613118,0.43314818,0.397541,0.4052485,0.40112773,0.52171123,0.2807265,0.26237497,0.32774815,0.33383247,0.37565666,0.3833129,0.37659216,0.385214,0.371597,0.39583492,0.3721995,0.37117586,0.40861803,0.3907038,0.39418238,0.39719993,0.3954148,0.3997257,0.38956133,0.3812811,0.379717,0.3751713,0.38039908,0.3731984,0.4056394,0.40358433,0.38357258,0.40513486,0.379649,0.3940308,0.36050966,0.3893213,0.37630036,0.38973206,0.40582538,0.38364878,0.3804776,0.40756074,0.4170498,0.41475865,0.45755634,0.43474346,0.44893572,0.41955194,0.40696222,0.41094503,0.43372312,0.41649228,0.42031872,0.41265765,0.4491726,0.4155473,0.41366538,0.41442,0.4166345,0.40773645,0.44571134,0.38972,0.36843345,0.36792067,0.3707979,0.3830581,0.38445145,0.41145366,0.40033594,0.39071658,0.39423153,0.40519744,0.410753,0.40433383,0.39819396,0.4134169,0.38550863,0.39664152,0.41511968,0.42440772,0.44759604,0.6910773,0.72079015,0.698041,0.62088025],[0.9465222,0.7701643,0.39897233,0.38387254,0.385606,0.37703842,0.41888246,0.42757627,0.38821533,0.41176006,0.38590658,0.38345188,0.38553825,0.3788739,0.4067202,0.3731691,0.3863288,0.37545007,0.51300895,0.3445247,0.32774815,0.11357416,0.29207838,0.3470554,0.35196534,0.348226,0.3574392,0.35693383,0.36672243,0.34700024,0.34683377,0.38868722,0.3792577,0.3641572,0.37341163,0.37434137,0.38102028,0.36943442,0.35851377,0.3518366,0.34494457,0.35347232,0.33035117,0.37214538,0.3781784,0.36140752,0.381581,0.3510814,0.36450878,0.33327645,0.3567347,0.35008568,0.35787338,0.392535,0.34773237,0.3491383,0.36445197,0.37447765,0.37894484,0.41339698,0.39567843,0.41339856,0.38049713,0.37280104,0.37085667,0.38984242,0.37898165,0.3774677,0.37405008,0.4057467,0.3766182,0.3735548,0.3742676,0.37030512,0.3679253,0.39244723,0.3627403,0.33630562,0.34392992,0.36501962,0.35350657,0.36214125,0.39015505,0.36052456,0.36654946,0.3617981,0.37196156,0.3794174,0.37749356,0.35277846,0.38232255,0.3557614,0.37492073,0.38314113,0.39877105,0.4372332,0.6902333,0.71951663,0.69817215,0.6210619],[0.94634527,0.77343893,0.4130085,0.40941066,0.3998084,0.40144938,0.43251002,0.4383181,0.40383855,0.42860454,0.40981662,0.40127644,0.41100016,0.4054842,0.42989308,0.39455563,0.40465152,0.39910886,0.5253124,0.355332,0.33383247,0.29207838,0.13053349,0.3730995,0.3758544,0.37129384,0.3799778,0.37140486,0.3859089,0.36480197,0.371228,0.40925953,0.38790315,0.38919386,0.39068636,0.3928488,0.39972177,0.38890627,0.37829843,0.37292752,0.36379045,0.37496004,0.3644164,0.39812574,0.4024801,0.37742883,0.39235505,0.37379497,0.38810107,0.3594035,0.37905276,0.3773525,0.38003793,0.40748346,0.36654517,0.37275147,0.38571766,0.4067228,0.39668587,0.44029257,0.41797346,0.43147916,0.399445,0.39610845,0.39461952,0.41345283,0.39865232,0.40490845,0.39419475,0.43322572,0.3991313,0.399051,0.3942571,0.39135522,0.386261,0.4033121,0.38254446,0.3546359,0.366528,0.3862069,0.37302408,0.38480854,0.4066808,0.38181818,0.38752627,0.37950292,0.39276162,0.40023264,0.39543098,0.37692857,0.40550572,0.3829568,0.40001544,0.4077961,0.41926455,0.45786193,0.7013416,0.72917163,0.7059054,0.63193935],[0.94473934,0.7657157,0.38172588,0.37541738,0.37403038,0.3690515,0.40373862,0.41134804,0.36882067,0.38942385,0.3776889,0.37422222,0.38009015,0.35938635,0.3813084,0.35822386,0.3647894,0.3667017,0.4920408,0.38105014,0.37565666,0.3470554,0.3730995,0.23046981,0.15891844,0.26374745,0.2868599,0.26639205,0.2965297,0.2589224,0.2611383,0.31959248,0.297461,0.2748264,0.2948835,0.2996387,0.30017996,0.2769614,0.2630546,0.26713204,0.26123738,0.27477172,0.25496775,0.3019708,0.30061647,0.2751791,0.31131244,0.2775659,0.29476583,0.26484457,0.27233115,0.2636302,0.30695188,0.3181927,0.27944925,0.26668373,0.33497816,0.34037387,0.33577347,0.39718205,0.34662792,0.38531694,0.32813132,0.32566646,0.32990193,0.35140452,0.33113542,0.34474578,0.33683446,0.3726175,0.34578842,0.33141732,0.32925147,0.3360939,0.31420562,0.3619951,0.30671746,0.3458973,0.33892423,0.35785478,0.32346222,0.31717846,0.35211927,0.3400477,0.34754255,0.32485625,0.32003278,0.32916397,0.31452274,0.317123,0.32705522,0.3065917,0.31960925,0.32542893,0.3550754,0.42330614,0.6933818,0.72058123,0.69784313,0.6173104],[0.94510305,0.7682268,0.3856523,0.37906393,0.37111503,0.3619691,0.3940319,0.4055855,0.36666402,0.38881513,0.3831102,0.37104398,0.3777618,0.36240324,0.37542558,0.36337543,0.37153023,0.3715494,0.50102407,0.38519672,0.3833129,0.35196534,0.3758544,0.15891844,0.28526986,0.2769859,0.27798733,0.27265143,0.29392195,0.27070743,0.27506277,0.32935616,0.29965556,0.2730664,0.29467008,0.29026723,0.2955597,0.29393023,0.2732785,0.27275774,0.27404127,0.27443925,0.26038054,0.31595564,0.31184682,0.27929428,0.32059985,0.28869072,0.29353398,0.27631465,0.27605376,0.27349216,0.31154063,0.3225883,0.28691065,0.28078982,0.33368057,0.3368117,0.3415292,0.4022105,0.3463661,0.37718442,0.3386096,0.32588065,0.33140978,0.34023368,0.32807016,0.34612966,0.3351745,0.37829736,0.34876934,0.3381889,0.32979885,0.34039852,0.32141405,0.3592381,0.31046045,0.3467542,0.33614478,0.35760912,0.32920453,0.32759172,0.34823018,0.34694538,0.3564217,0.33312055,0.32044423,0.33253628,0.32118562,0.3260922,0.3365683,0.30800033,0.33348876,0.32353178,0.37219766,0.43353626,0.69815236,0.7239286,0.70358455,0.6202975],[0.94648665,0.769193,0.37197164,0.3604651,0.36134455,0.36138454,0.39565817,0.39438313,0.36538154,0.38921076,0.37782913,0.3687852,0.3656139,0.3582999,0.37792408,0.35328898,0.3674603,0.3550707,0.4954926,0.37197763,0.37659216,0.348226,0.37129384,0.26374745,0.2769859,0.26920336,0.2638212,0.24310565,0.27287704,0.2377736,0.23992518,0.2855559,0.29099172,0.26757276,0.2905898,0.29517972,0.29601303,0.25128034,0.2385055,0.23866758,0.14466661,0.23426363,0.22629067,0.28074247,0.2892113,0.24725881,0.30080065,0.26596105,0.2785816,0.26675892,0.27213252,0.26287922,0.29845724,0.30320513,0.26860732,0.2569533,0.3252039,0.33225727,0.33917615,0.3972028,0.3488951,0.37668297,0.322885,0.32152963,0.3248084,0.34309524,0.32524428,0.33328035,0.33048937,0.37598735,0.34225363,0.33468857,0.32413015,0.32268962,0.31729826,0.3639272,0.31935722,0.33381516,0.33382666,0.35077995,0.32622394,0.32326648,0.34749845,0.32826748,0.34151557,0.31085354,0.31575516,0.31964242,0.30588332,0.3109483,0.31643525,0.30152985,0.3121429,0.33218953,0.36403403,0.42503107,0.69603634,0.72431314,0.69782215,0.61744386],[0.9456691,0.76925904,0.3814393,0.37042862,0.36389986,0.3592327,0.39798948,0.41015685,0.36488977,0.38211063,0.37158865,0.36803213,0.3713511,0.36106423,0.38055083,0.352873,0.3642279,0.3605978,0.49220562,0.38332427,0.385214,0.3574392,0.3799778,0.2868599,0.27798733,0.2638212,0.22879593,0.22727656,0.26388207,0.2057784,0.27435982,0.31852704,0.30255193,0.28699514,0.31206137,0.3133871,0.3192665,0.27402928,0.27565277,0.2712636,0.2694651,0.26821277,0.26182374,0.2979868,0.3134257,0.2711431,0.28150406,0.27554545,0.25663343,0.27240667,0.28036764,0.2756442,0.30255324,0.32829237,0.26604882,0.27813736,0.31710252,0.3303427,0.33614716,0.35852927,0.34856743,0.38523012,0.31455213,0.31764895,0.3237031,0.32875964,0.327564,0.33138293,0.33005798,0.33918697,0.34033948,0.33763704,0.3243243,0.33004457,0.32389253,0.3551685,0.3300178,0.3519269,0.34143946,0.35040644,0.333257,0.32193947,0.35957217,0.33439776,0.35245514,0.32697853,0.3191852,0.33627686,0.31424388,0.32116553,0.3292839,0.31905538,0.3201234,0.30866808,0.37654954,0.4322296,0.6983149,0.72549707,0.7032528,0.6263005],[0.9444936,0.7689346,0.37407377,0.35960668,0.36528248,0.36081645,0.39742318,0.39642695,0.3668554,0.38485655,0.37765577,0.370718,0.36248997,0.36431167,0.37322578,0.3546326,0.35922486,0.35599098,0.49549899,0.37782118,0.371597,0.35693383,0.37140486,0.26639205,0.27265143,0.24310565,0.22727656,0.22530302,0.21654212,0.13294746,0.25394017,0.30245805,0.28845042,0.26380777,0.2905467,0.30067486,0.2949927,0.25776994,0.24809419,0.24428523,0.23879832,0.24753234,0.24995741,0.28177