<html>
<head>
<script src="https://cdn.plot.ly/plotly-1.54.7.min.js"></script>
</head>
<body>
  <script>
    gd = (function() {
  var WIDTH_IN_PERCENT_OF_PARENT = 100;
  var HEIGHT_IN_PERCENT_OF_PARENT = 100;
  var gd = Plotly.d3.select('body')
    .append('div').attr("id", "6de2809c-dfc7-45f1-93ae-05d6df6b51d6")
    .style({
      width: WIDTH_IN_PERCENT_OF_PARENT + '%',
      'margin-left': (100 - WIDTH_IN_PERCENT_OF_PARENT) / 2 + '%',
      height: HEIGHT_IN_PERCENT_OF_PARENT + 'vh',
      'margin-top': (100 - HEIGHT_IN_PERCENT_OF_PARENT) / 2 + 'vh'
    })
    .node();
  var plot_json = {"layout":{"showlegend":false,"xaxis":{"scaleanchor":"y","visible":false,"domain":[0.504950495049505,1.0]},"hovermode":"closest","xaxis2":{"rangemode":"nonnegative","domain":[0.0,0.49504950495049505],"autorange":"reversed"},"height":550,"margin":{"l":50,"b":50,"r":50,"t":60},"yaxis":{"scaleanchor":"x","visible":false},"title":"Gardnerella vaginalis, 42 genomes, 384 overlaps, min inter = 0.9672","width":1000},"frames":[],"data":[{"xaxis":"x","y":[0.5,1.5,2.5,3.5,4.5,5.5,6.5,7.5,8.5,9.5,10.5,11.5,12.5,13.5,14.5,15.5,16.5,17.5,18.5,19.5,20.5,21.5,22.5,23.5,24.5,25.5,26.5,27.5,28.5,29.5,30.5,31.5,32.5,33.5,34.5,35.5,36.5,37.5,38.5,39.5,40.5,41.5,42.5],"type":"heatmap","colorscale":[[0.0,"#000004"],[0.00392156862745098,"#010005"],[0.00784313725490196,"#010106"],[0.011764705882352941,"#010108"],[0.01568627450980392,"#020109"],[0.0196078431372549,"#02020B"],[0.023529411764705882,"#02020D"],[0.027450980392156862,"#03030F"],[0.03137254901960784,"#030312"],[0.03529411764705882,"#040414"],[0.0392156862745098,"#050416"],[0.043137254901960784,"#060518"],[0.047058823529411764,"#06051A"],[0.050980392156862744,"#07061C"],[0.054901960784313725,"#08071E"],[0.058823529411764705,"#090720"],[0.06274509803921569,"#0A0822"],[0.06666666666666667,"#0B0924"],[0.07058823529411765,"#0C0926"],[0.07450980392156863,"#0D0A29"],[0.0784313725490196,"#0E0B2B"],[0.08235294117647059,"#100B2D"],[0.08627450980392157,"#110C2F"],[0.09019607843137255,"#120D31"],[0.09411764705882353,"#130D34"],[0.09803921568627451,"#140E36"],[0.10196078431372549,"#150E38"],[0.10588235294117647,"#160F3B"],[0.10980392156862745,"#180F3D"],[0.11372549019607843,"#19103F"],[0.11764705882352941,"#1A1042"],[0.12156862745098039,"#1C1044"],[0.12549019607843137,"#1D1147"],[0.12941176470588237,"#1E1149"],[0.13333333333333333,"#20114B"],[0.13725490196078433,"#21114E"],[0.1411764705882353,"#221150"],[0.1450980392156863,"#241253"],[0.14901960784313725,"#251255"],[0.15294117647058825,"#271258"],[0.1568627450980392,"#29115A"],[0.1607843137254902,"#2A115C"],[0.16470588235294117,"#2C115F"],[0.16862745098039217,"#2D1161"],[0.17254901960784313,"#2F1163"],[0.17647058823529413,"#311165"],[0.1803921568627451,"#331067"],[0.1843137254901961,"#341069"],[0.18823529411764706,"#36106B"],[0.19215686274509805,"#38106C"],[0.19607843137254902,"#390F6E"],[0.2,"#3B0F70"],[0.20392156862745098,"#3D0F71"],[0.20784313725490197,"#3F0F72"],[0.21176470588235294,"#400F74"],[0.21568627450980393,"#420F75"],[0.2196078431372549,"#440F76"],[0.2235294117647059,"#451077"],[0.22745098039215686,"#471078"],[0.23137254901960785,"#491078"],[0.23529411764705882,"#4A1079"],[0.23921568627450981,"#4C117A"],[0.24313725490196078,"#4E117B"],[0.24705882352941178,"#4F127B"],[0.25098039215686274,"#51127C"],[0.2549019607843137,"#52137C"],[0.25882352941176473,"#54137D"],[0.2627450980392157,"#56147D"],[0.26666666666666666,"#57157E"],[0.27058823529411763,"#59157E"],[0.27450980392156865,"#5A167E"],[0.2784313725490196,"#5C167F"],[0.2823529411764706,"#5D177F"],[0.28627450980392155,"#5F187F"],[0.2901960784313726,"#601880"],[0.29411764705882354,"#621980"],[0.2980392156862745,"#641A80"],[0.30196078431372547,"#651A80"],[0.3058823529411765,"#671B80"],[0.30980392156862746,"#681C81"],[0.3137254901960784,"#6A1C81"],[0.3176470588235294,"#6B1D81"],[0.3215686274509804,"#6D1D81"],[0.3254901960784314,"#6E1E81"],[0.32941176470588235,"#701F81"],[0.3333333333333333,"#721F81"],[0.33725490196078434,"#732081"],[0.3411764705882353,"#752181"],[0.34509803921568627,"#762181"],[0.34901960784313724,"#782281"],[0.35294117647058826,"#792282"],[0.3568627450980392,"#7B2382"],[0.3607843137254902,"#7C2382"],[0.36470588235294116,"#7E2482"],[0.3686274509803922,"#802582"],[0.37254901960784315,"#812581"],[0.3764705882352941,"#832681"],[0.3803921568627451,"#842681"],[0.3843137254901961,"#862781"],[0.38823529411764707,"#882781"],[0.39215686274509803,"#892881"],[0.396078431372549,"#8B2981"],[0.4,"#8C2981"],[0.403921568627451,"#8E2A81"],[0.40784313725490196,"#902A81"],[0.4117647058823529,"#912B81"],[0.41568627450980394,"#932B80"],[0.4196078431372549,"#942C80"],[0.4235294117647059,"#962C80"],[0.42745098039215684,"#982D80"],[0.43137254901960786,"#992D80"],[0.43529411764705883,"#9B2E7F"],[0.4392156862745098,"#9C2E7F"],[0.44313725490196076,"#9E2F7F"],[0.4470588235294118,"#A02F7F"],[0.45098039215686275,"#A1307E"],[0.4549019607843137,"#A3307E"],[0.4588235294117647,"#A5317E"],[0.4627450980392157,"#A6317D"],[0.4666666666666667,"#A8327D"],[0.47058823529411764,"#AA337D"],[0.4745098039215686,"#AB337C"],[0.47843137254901963,"#AD347C"],[0.4823529411764706,"#AE347B"],[0.48627450980392156,"#B0357B"],[0.49019607843137253,"#B2357B"],[0.49411764705882355,"#B3367A"],[0.4980392156862745,"#B5367A"],[0.5019607843137255,"#B73779"],[0.5058823529411764,"#B83779"],[0.5098039215686274,"#BA3878"],[0.5137254901960784,"#BC3978"],[0.5176470588235295,"#BD3977"],[0.5215686274509804,"#BF3A77"],[0.5254901960784314,"#C03A76"],[0.5294117647058824,"#C23B75"],[0.5333333333333333,"#C43C75"],[0.5372549019607843,"#C53C74"],[0.5411764705882353,"#C73D73"],[0.5450980392156862,"#C83E73"],[0.5490196078431373,"#CA3E72"],[0.5529411764705883,"#CC3F71"],[0.5568627450980392,"#CD4071"],[0.5607843137254902,"#CF4070"],[0.5647058823529412,"#D0416F"],[0.5686274509803921,"#D2426F"],[0.5725490196078431,"#D3436E"],[0.5764705882352941,"#D5446D"],[0.5803921568627451,"#D6456C"],[0.5843137254901961,"#D8456C"],[0.5882352941176471,"#D9466B"],[0.592156862745098,"#DB476A"],[0.596078431372549,"#DC4869"],[0.6,"#DE4968"],[0.6039215686274509,"#DF4A68"],[0.6078431372549019,"#E04C67"],[0.611764705882353,"#E24D66"],[0.615686274509804,"#E34E65"],[0.6196078431372549,"#E44F64"],[0.6235294117647059,"#E55064"],[0.6274509803921569,"#E75263"],[0.6313725490196078,"#E85362"],[0.6352941176470588,"#E95462"],[0.6392156862745098,"#EA5661"],[0.6431372549019608,"#EB5760"],[0.6470588235294118,"#EC5860"],[0.6509803921568628,"#ED5A5F"],[0.6549019607843137,"#EE5B5E"],[0.6588235294117647,"#EF5D5E"],[0.6627450980392157,"#F05F5E"],[0.6666666666666666,"#F1605D"],[0.6705882352941176,"#F2625D"],[0.6745098039215687,"#F2645C"],[0.6784313725490196,"#F3655C"],[0.6823529411764706,"#F4675C"],[0.6862745098039216,"#F4695C"],[0.6901960784313725,"#F56B5C"],[0.6941176470588235,"#F66C5C"],[0.6980392156862745,"#F66E5C"],[0.7019607843137254,"#F7705C"],[0.7058823529411765,"#F7725C"],[0.7098039215686275,"#F8745C"],[0.7137254901960784,"#F8765C"],[0.7176470588235294,"#F9785D"],[0.7215686274509804,"#F9795D"],[0.7254901960784313,"#F97B5D"],[0.7294117647058823,"#FA7D5E"],[0.7333333333333333,"#FA7F5E"],[0.7372549019607844,"#FA815F"],[0.7411764705882353,"#FB835F"],[0.7450980392156863,"#FB8560"],[0.7490196078431373,"#FB8761"],[0.7529411764705882,"#FC8961"],[0.7568627450980392,"#FC8A62"],[0.7607843137254902,"#FC8C63"],[0.7647058823529411,"#FC8E64"],[0.7686274509803922,"#FC9065"],[0.7725490196078432,"#FD9266"],[0.7764705882352941,"#FD9467"],[0.7803921568627451,"#FD9668"],[0.7843137254901961,"#FD9869"],[0.788235294117647,"#FD9A6A"],[0.792156862745098,"#FD9B6B"],[0.796078431372549,"#FE9D6C"],[0.8,"#FE9F6D"],[0.803921568627451,"#FEA16E"],[0.807843137254902,"#FEA36F"],[0.8117647058823529,"#FEA571"],[0.8156862745098039,"#FEA772"],[0.8196078431372549,"#FEA973"],[0.8235294117647058,"#FEAA74"],[0.8274509803921568,"#FEAC76"],[0.8313725490196079,"#FEAE77"],[0.8352941176470589,"#FEB078"],[0.8392156862745098,"#FEB27A"],[0.8431372549019608,"#FEB47B"],[0.8470588235294118,"#FEB67C"],[0.8509803921568627,"#FEB77E"],[0.8549019607843137,"#FEB97F"],[0.8588235294117647,"#FEBB81"],[0.8627450980392157,"#FEBD82"],[0.8666666666666667,"#FEBF84"],[0.8705882352941177,"#FEC185"],[0.8745098039215686,"#FEC287"],[0.8784313725490196,"#FEC488"],[0.8823529411764706,"#FEC68A"],[0.8862745098039215,"#FEC88C"],[0.8901960784313725,"#FECA8D"],[0.8941176470588236,"#FECC8F"],[0.8980392156862745,"#FECD90"],[0.9019607843137255,"#FECF92"],[0.9058823529411765,"#FED194"],[0.9098039215686274,"#FED395"],[0.9137254901960784,"#FED597"],[0.9176470588235294,"#FED799"],[0.9215686274509803,"#FED89A"],[0.9254901960784314,"#FDDA9C"],[0.9294117647058824,"#FDDC9E"],[0.9333333333333333,"#FDDEA0"],[0.9372549019607843,"#FDE0A1"],[0.9411764705882353,"#FDE2A3"],[0.9450980392156862,"#FDE3A5"],[0.9490196078431372,"#FDE5A7"],[0.9529411764705882,"#FDE7A9"],[0.9568627450980393,"#FDE9AA"],[0.9607843137254902,"#FDEBAC"],[0.9647058823529412,"#FCECAE"],[0.9686274509803922,"#FCEEB0"],[0.9725490196078431,"#FCF0B2"],[0.9764705882352941,"#FCF2B4"],[0.9803921568627451,"#FCF4B6"],[0.984313725490196,"#FCF6B8"],[0.9882352941176471,"#FCF7B9"],[0.9921568627450981,"#FCF9BB"],[0.996078431372549,"#FCFBBD"],[1.0,"#FCFDBF"]],"yaxis":"y","z":[[0.0,0.26239955,0.28909692,0.997762,0.99775743,0.9973495,0.9971698,0.9973822,0.99753505,0.99736345,0.99757373,0.99757326,0.99757373,0.99790716,0.9975836,0.9977819,0.9979588,0.9977587,0.9967937,0.99732876,0.9976019,0.99760336,0.9975475,0.99777913,0.9971323,0.9973753,0.9979491,0.9979712,0.9975913,0.99812067,0.9977273,0.99773335,0.9959898,0.9964366,0.9954661,0.99550843,0.994833,0.9948292,0.9957772,0.9953657,0.9949129,0.9947833],[0.26239955,0.0,0.2787486,0.9977165,0.99771166,0.99729466,0.9971115,0.99732876,0.997484,0.9975019,0.9977152,0.9977147,0.9977152,0.99805826,0.9979147,0.9977371,0.9979175,0.99771297,0.9969207,0.99746835,0.9981633,0.9981644,0.99812067,0.99814355,0.9976978,0.99773103,0.9983232,0.9985492,0.99836034,0.99871933,0.9985223,0.99852633,0.99591005,0.99636364,0.9957478,0.9954204,0.9951073,0.9951036,0.9956843,0.9952636,0.995005,0.99466884],[0.28909692,0.2787486,0.0,0.9974986,0.9976865,0.99726456,0.99707943,0.9974928,0.99745595,0.99727947,0.99749714,0.9974966,0.99749714,0.99783975,0.9978919,0.99771255,0.9977029,0.9976879,0.99688655,0.99763733,0.99793476,0.997936,0.9978863,0.9979123,0.99767,0.9972854,0.9980904,0.9983218,0.9979253,0.9984871,0.99829024,0.99829495,0.9968087,0.9963235,0.99570256,0.99537206,0.9963906,0.99638784,0.99625933,0.99604416,0.9957593,0.9952312],[0.997762,0.9977165,0.9974986,0.0,0.4602614,0.48124558,0.5036446,0.6226296,0.62680346,0.63593304,0.62672955,0.6266121,0.62716126,0.6401914,0.6145833,0.6385208,0.62410015,0.6402743,0.63449365,0.57683295,0.86826515,0.8664596,0.8764401,0.8721162,0.872211,0.86929226,0.8731495,0.88716066,0.89166665,0.8870637,0.8715166,0.8860029,0.95788985,0.9622822,0.9581897,0.95655143,0.95924103,0.9594468,0.94722956,0.95922637,0.95894206,0.9602907],[0.99775743,0.99771166,0.9976865,0.4602614,0.0,0.47921848,0.5121107,0.61516404,0.6316464,0.6316291,0.6280315,0.6279143,0.62846345,0.63848865,0.61674565,0.6300901,0.6305434,0.6274448,0.6200705,0.5771812,0.8735923,0.8717949,0.8757225,0.87588954,0.8760498,0.8666093,0.8743821,0.8877551,0.8919521,0.8843999,0.87803453,0.88563985,0.95802414,0.96391875,0.9619091,0.95596623,0.96035653,0.9608073,0.9490227,0.95746917,0.9601413,0.9593644],[0.9973495,0.99729466,0.99726456,0.48124558,0.47921848,0.0,0.5047686,0.6282051,0.61129457,0.63028735,0.62752,0.62740076,0.6279591,0.63858163,0.6314286,0.63220924,0.63007617,0.6378378,0.6130933,0.56794786,0.8763211,0.87449974,0.8729363,0.87510866,0.8742621,0.86895746,0.86616987,0.8900719,0.89397794,0.88575715,0.88093823,0.8833776,0.95760715,0.9592882,0.95080036,0.9589009,0.95474136,0.9549485,0.95401067,0.95642877,0.95651054,0.9591945],[0.9971698,0.9971115,0.99707943,0.5036446,0.5121107,0.5047686,0.0,0.6010413,0.5777778,0.5886055,0.60265976,0.60253084,0.60265976,0.61619484,0.5923277,0.60019267,0.5932533,0.5901049,0.5822785,0.53375304,0.8785816,0.8770934,0.87759274,0.87481976,0.87628263,0.8735931,0.87558824,0.8797688,0.8845062,0.8793879,0.8729545,0.8823875,0.95877254,0.9602328,0.95810056,0.96051425,0.9608912,0.9611006,0.9534079,0.95664895,0.95938694,0.9588499],[0.9973822,0.99732876,0.9974928,0.6226296,0.61516404,0.6282051,0.6010413,0.0,0.35350809,0.36756346,0.34095237,0.34070122,0.34158415,0.3681382,0.3344749,0.38014707,0.34815374,0.3750467,0.38899288,0.56838906,0.86428165,0.861814,0.869148,0.85895956,0.8608338,0.8560672,0.8584071,0.86814773,0.86860067,0.864946,0.85829115,0.8672358,0.95559174,0.9564275,0.9515531,0.9490007,0.95814717,0.9583529,0.95288235,0.9596436,0.9564447,0.95499736],[0.99753505,0.997484,0.99745595,0.62680346,0.6316464,0.61129457,0.5777778,0.35350809,0.0,0.36689815,0.37447777,0.37424013,0.37509492,0.4,0.36983705,0.39948264,0.33693555,0.35260117,0.37384614,0.54811716,0.86920196,0.8667051,0.8699259,0.8625551,0.86587185,0.86729026,0.8644524,0.877152,0.8781259,0.8746205,0.8664456,0.87607986,0.96241486,0.9632514,0.9546416,0.95591646,0.9621158,0.9623271,0.9630712,0.9610563,0.9574852,0.9560469],[0.99736345,0.9975019,0.99727947,0.63593304,0.6316291,0.63028735,0.5886055,0.36756346,0.36689815,0.0,0.36971298,0.3694749,0.37032843,0.39809886,0.36941,0.38521257,0.38558692,0.35920852,0.36652625,0.5463668,0.86540663,0.8635712,0.8693482,0.8656803,0.8673349,0.8680556,0.8622328,0.86767703,0.86976475,0.8729681,0.86010206,0.8711111,0.9600747,0.9605709,0.9560056,0.9577303,0.9604827,0.9609375,0.95739615,0.9595131,0.9581526,0.9542691],[0.99757373,0.9977152,0.99749714,0.62672955,0.6280315,0.62752,0.60265976,0.34095237,0.37447777,0.36971298,0.0,0.00045829514,0.0018315018,0.05034325,0.3163148,0.36299592,0.3528309,0.36435273,0.3629461,0.5595117,0.8671941,0.86538464,0.8681765,0.86031103,0.86452556,0.86137474,0.86045825,0.8727064,0.8727735,0.87340266,0.86440176,0.870571,0.95978737,0.9600192,0.954797,0.9510298,0.9535706,0.95402026,0.96198905,0.96082526,0.95628,0.9556483],[0.99757326,0.9977147,0.9974966,0.6266121,0.6279143,0.62740076,0.60253084,0.34070122,0.37424013,0.3694749,0.00045829514,0.0,0.0013742556,0.049908426,0.31605223,0.36275965,0.35258815,0.3641141,0.36270413,0.5593623,0.86715657,0.86534655,0.86813825,0.8602708,0.864486,0.86133486,0.8604173,0.87266994,0.8727375,0.87336504,0.8643617,0.8705331,0.9597781,0.9600096,0.9547866,0.9510185,0.95355964,0.9540094,0.96197915,0.9608151,0.95626897,0.95563674],[0.99757373,0.9977152,0.99749714,0.62716126,0.62846345,0.6279591,0.60265976,0.34158415,0.37509492,0.37032843,0.0018315018,0.0013742556,0.0,0.051235132,0.31696087,0.36360267,0.35344827,0.36496624,0.3629461,0.5595117,0.86751413,0.8657054,0.8681765,0.86031103,0.86485696,0.86137474,0.86045825,0.8727064,0.8727735,0.87340266,0.86440176,0.870571,0.95978737,0.9600192,0.954797,0.9510298,0.9535706,0.95402026,0.96198905,0.96082526,0.95628,0.9556483],[0.99790716,0.99805826,0.99783975,0.6401914,0.63848865,0.63858163,0.61619484,0.3681382,0.4,0.39809886,0.05034325,0.049908426,0.051235132,0.0,0.34735623,0.38901344,0.38211995,0.38886786,0.39266616,0.57349396,0.873666,0.8728007,0.8735154,0.868761,0.8731765,0.86817384,0.86942196,0.87873465,0.87904155,0.8793313,0.87281495,0.87668365,0.96174735,0.96256423,0.95713615,0.95424837,0.9559355,0.9561446,0.96480936,0.9627944,0.95915204,0.9583222],[0.9975836,0.9979147,0.9978919,0.6145833,0.61674565,0.6314286,0.5923277,0.3344749,0.36983705,0.36941,0.3163148,0.31605223,0.31696087,0.34735623,0.0,0.3332081,0.3408493,0.3246654,0.3725122,0.5530329,0.8641871,0.86238015,0.86933947,0.8657355,0.86867225,0.8599656,0.8610219,0.8751067,0.87608635,0.8715596,0.866608,0.87402034,0.9534938,0.95948523,0.95382494,0.9443044,0.9582069,0.9586545,0.94887257,0.95888627,0.9588766,0.95481694],[0.9977819,0.9977371,0.99771255,0.6385208,0.6300901,0.63220924,0.60019267,0.38014707,0.39948264,0.38521257,0.36299592,0.36275965,0.36360267,0.38901344,0.3332081,0.0,0.37751004,0.34769577,0.3677516,0.5679547,0.8637,0.86158586,0.8707464,0.86587435,0.86976475,0.85820043,0.86185926,0.87707925,0.87895614,0.8743041,0.87264836,0.874424,0.9595429,0.9624646,0.95746136,0.95443267,0.9637748,0.96421975,0.95523936,0.9605365,0.95995027,0.95917845],[0.9979588,0.9979175,0.9977029,0.62410015,0.6305434,0.63007617,0.5932533,0.34815374,0.33693555,0.38558692,0.3528309,0.35258815,0.35344827,0.38211995,0.3408493,0.37751004,0.0,0.3103581,0.34123042,0.547708,0.8534923,0.8523147,0.86272806,0.8585338,0.8636891,0.85665137,0.8566413,0.8663423,0.8700056,0.8668051,0.86054724,0.8604106,0.956702,0.9595527,0.9536591,0.9496812,0.9604559,0.96066105,0.94869107,0.9573361,0.95502514,0.95516974],[0.9977587,0.99771297,0.9976879,0.6402743,0.6274448,0.6378378,0.5901049,0.3750467,0.35260117,0.35920852,0.36435273,0.3641141,0.36496624,0.38886786,0.3246654,0.34769577,0.3103581,0.0,0.34154794,0.5513827,0.8625,0.8616477,0.86765563,0.86599714,0.8712584,0.858545,0.8629293,0.87349397,0.87450534,0.8688378,0.8675516,0.87137413,0.9549047,0.95972186,0.9547449,0.9500115,0.9613583,0.9615655,0.9460032,0.9588682,0.9585963,0.9558632],[0.9967937,0.9969207,0.99688655,0.63449365,0.6200705,0.6130933,0.5822785,0.38899288,0.37384614,0.36652625,0.3629461,0.36270413,0.3629461,0.39266616,0.3725122,0.3677516,0.34123042,0.34154794,0.0,0.53899723,0.8580087,0.85549134,0.85841495,0.8531571,0.8542849,0.8569339,0.8504055,0.8668224,0.8672999,0.8700514,0.8547267,0.8635006,0.95759135,0.9587579,0.9530264,0.953832,0.9569765,0.95718366,0.9565102,0.95530725,0.9540908,0.95310014],[0.99732876,0.99746835,0.99763733,0.57683295,0.5771812,0.56794786,0.53375304,0.56838906,0.54811716,0.5463668,0.5595117,0.5593623,0.5595117,0.57349396,0.5530329,0.5679547,0.547708,0.5513827,0.53899723,0.0,0.8755055,0.87398845,0.8720549,0.8716216,0.87204784,0.8733509,0.8603876,0.8802817,0.87927043,0.8744257,0.8679016,0.8677361,0.9613927,0.96219933,0.95281005,0.9560748,0.9563118,0.9562696,0.9594086,0.9623959,0.9568607,0.95679015],[0.9976019,0.9981633,0.99793476,0.86826515,0.8735923,0.8763211,0.8785816,0.86428165,0.86920196,0.86540663,0.8671941,0.86715657,0.86751413,0.873666,0.8641871,0.8637,0.8534923,0.8625,0.8580087,0.8755055,0.0,0.01681128,0.3319209,0.41181657,0.46013072,0.48507777,0.5130802,0.63992393,0.64880955,0.6413602,0.6066294,0.6535948,0.9616829,0.96523994,0.9533951,0.95295864,0.96346104,0.9636871,0.9490741,0.9550173,0.9534239,0.9538285],[0.99760336,0.9981644,0.997936,0.8664596,0.8717949,0.87449974,0.8770934,0.861814,0.8667051,0.8635712,0.86538464,0.86534655,0.8657054,0.8728007,0.86238015,0.86158586,0.8523147,0.8616477,0.85549134,0.87398845,0.01681128,0.0,0.33207902,0.40557274,0.45680627,0.48062342,0.5061415,0.6351506,0.64416265,0.6374802,0.60152185,0.64880496,0.96067137,0.96419305,0.95238096,0.95247525,0.96217316,0.96239835,0.9472922,0.9532468,0.9520111,0.9523673],[0.9975475,0.99812067,0.9978863,0.8764401,0.8757225,0.8729363,0.87759274,0.869148,0.8699259,0.8693482,0.8681765,0.86813825,0.8681765,0.8735154,0.86933947,0.8707464,0.86272806,0.86765563,0.85841495,0.8720549,0.3319209,0.33207902,0.0,0.43872988,0.4384124,0.46999562,0.51025754,0.64978576,0.6525067,0.63225013,0.60930425,0.6484655,0.9562856,0.9653148,0.9531411,0.95694023,0.9648346,0.9650678,0.9517714,0.95446426,0.9555302,0.95447826],[0.99777913,0.99814355,0.9979123,0.8721162,0.87588954,0.87510866,0.87481976,0.85895956,0.8625551,0.8656803,0.86031103,0.8602708,0.86031103,0.868761,0.8657355,0.86587435,0.8585338,0.86599714,0.8531571,0.8716216,0.41181657,0.40557274,0.43872988,0.0,0.44275492,0.47488192,0.47048458,0.6347792,0.6475255,0.6349334,0.60962784,0.65234375,0.96249366,0.9595666,0.94957983,0.9505025,0.96190476,0.96213293,0.94953054,0.9497207,0.9491956,0.9516035],[0.9971323,0.9976978,0.99767,0.872211,0.8760498,0.8742621,0.87628263,0.8608338,0.86587185,0.8673349,0.86452556,0.864486,0.86485696,0.8731765,0.86867225,0.86976475,0.8636891,0.8712584,0.8542849,0.87204784,0.46013072,0.45680627,0.4384124,0.44275492,0.0,0.49892288,0.47559336,0.63467616,0.6350564,0.6337042,0.5862358,0.6434015,0.9658361,0.9644004,0.95384216,0.95445293,0.9655622,0.9655262,0.95195466,0.95089823,0.9515204,0.9524941],[0.9973753,0.99773103,0.9972854,0.86929226,0.8666093,0.86895746,0.8735931,0.8560672,0.86729026,0.8680556,0.86137474,0.86133486,0.86137474,0.86817384,0.8599656,0.85820043,0.85665137,0.858545,0.8569339,0.8733509,0.48507777,0.48062342,0.46999562,0.47488192,0.49892288,0.0,0.5279661,0.62280357,0.6275862,0.6117261,0.6054339,0.626343,0.95108837,0.9620553,0.9517399,0.94655913,0.9643224,0.96455175,0.94460815,0.9546651,0.951295,0.95224226],[0.9979491,0.9983232,0.9980904,0.8731495,0.8743821,0.86616987,0.87558824,0.8584071,0.8644524,0.8622328,0.86045825,0.8604173,0.86045825,0.86942196,0.8610219,0.86185926,0.8566413,0.8629293,0.8504055,0.8603876,0.5130802,0.5061415,0.51025754,0.47048458,0.47559336,0.5279661,0.0,0.6455796,0.64891976,0.6522625,0.6239246,0.6457831,0.96441466,0.96039873,0.9447197,0.9497822,0.9581138,0.9580696,0.9489796,0.9488568,0.94956774,0.9523526],[0.9979712,0.9985492,0.9983218,0.88716066,0.8877551,0.8900719,0.8797688,0.86814773,0.877152,0.86767703,0.8727064,0.87266994,0.8727064,0.87873465,0.8751067,0.87707925,0.8663423,0.87349397,0.8668224,0.8802817,0.63992393,0.6351506,0.64978576,0.6347792,0.63467616,0.62280357,0.6455796,0.0,0.40939596,0.49776387,0.51652175,0.5256134,0.9625191,0.9601276,0.9625506,0.96536255,0.96353763,0.96349984,0.95287186,0.9558434,0.95211107,0.95032334],[0.9975913,0.99836034,0.9979253,0.89166665,0.8919521,0.89397794,0.8845062,0.86860067,0.8781259,0.86976475,0.8727735,0.8727375,0.8727735,0.87904155,0.87608635,0.87895614,0.8700056,0.87450534,0.8672999,0.87927043,0.64880955,0.64416265,0.6525067,0.6475255,0.6350564,0.6275862,0.64891976,0.40939596,0.0,0.4966975,0.5457215,0.5051546,0.96459955,0.96233326,0.9628058,0.96404827,0.96457696,0.96454084,0.9566474,0.95956093,0.9560501,0.95232594],[0.99812067,0.99871933,0.9984871,0.8870637,0.8843999,0.88575715,0.8793879,0.864946,0.8746205,0.8729681,0.87340266,0.87336504,0.87340266,0.8793313,0.8715596,0.8743041,0.8668051,0.8688378,0.8700514,0.8744257,0.6413602,0.6374802,0.63225013,0.6349334,0.6337042,0.6117261,0.6522625,0.49776387,0.4966975,0.0,0.47860464,0.48103607,0.9605716,0.95857495,0.96061957,0.96303,0.96604276,0.9660064,0.948244,0.95103174,0.9522828,0.9504284],[0.9977273,0.9985223,0.99829024,0.8715166,0.87803453,0.88093823,0.8729545,0.85829115,0.8664456,0.86010206,0.86440176,0.8643617,0.86440176,0.87281495,0.866608,0.87264836,0.86054724,0.8675516,0.8547267,0.8679016,0.6066294,0.60152185,0.60930425,0.60962784,0.5862358,0.6054339,0.6239246,0.51652175,0.5457215,0.47860464,0.0,0.51886374,0.96247065,0.9619978,0.9543915,0.9595494,0.9615894,0.96182394,0.9497122,0.95181817,0.9469078,0.94677955],[0.99773335,0.99852633,0.99829495,0.8860029,0.88563985,0.8833776,0.8823875,0.8672358,0.87607986,0.8711111,0.870571,0.8705331,0.870571,0.87668365,0.87402034,0.874424,0.8604106,0.87137413,0.8635006,0.8677361,0.6535948,0.64880496,0.6484655,0.65234375,0.6434015,0.626343,0.6457831,0.5256134,0.5051546,0.48103607,0.51886374,0.0,0.9612484,0.9612886,0.9561722,0.9620672,0.9606237,0.960582,0.9511754,0.95610344,0.95076746,0.94762194],[0.9959898,0.99591005,0.9968087,0.95788985,0.95802414,0.95760715,0.95877254,0.95559174,0.96241486,0.9600747,0.95978737,0.9597781,0.95978737,0.96174735,0.9534938,0.9595429,0.956702,0.9549047,0.95759135,0.9613927,0.9616829,0.96067137,0.9562856,0.96249366,0.9658361,0.95108837,0.96441466,0.9625191,0.96459955,0.9605716,0.96247065,0.9612484,0.0,0.2903472,0.61863905,0.6308005,0.92634296,0.9267778,0.9061008,0.91312385,0.9092536,0.91167194],[0.9964366,0.99636364,0.9963235,0.9622822,0.96391875,0.9592882,0.9602328,0.9564275,0.9632514,0.9605709,0.9600192,0.9600096,0.9600192,0.96256423,0.95948523,0.9624646,0.9595527,0.95972186,0.9587579,0.96219933,0.96523994,0.96419305,0.9653148,0.9595666,0.9644004,0.9620553,0.96039873,0.9601276,0.96233326,0.95857495,0.9619978,0.9612886,0.2903472,0.0,0.59962755,0.6277811,0.9297821,0.9302326,0.9095657,0.91146547,0.9057508,0.9108559],[0.9954661,0.9957478,0.99570256,0.9581897,0.9619091,0.95080036,0.95810056,0.9515531,0.9546416,0.9560056,0.954797,0.9547866,0.954797,0.95713615,0.95382494,0.95746136,0.9536591,0.9547449,0.9530264,0.95281005,0.9533951,0.95238096,0.9531411,0.94957983,0.95384216,0.9517399,0.9447197,0.9625506,0.9628058,0.96061957,0.9543915,0.9561722,0.61863905,0.59962755,0.0,0.37981588,0.91881746,0.9192488,0.89700025,0.9017479,0.90245146,0.8971444],[0.99550843,0.9954204,0.99537206,0.95655143,0.95596623,0.9589009,0.96051425,0.9490007,0.95591646,0.9577303,0.9510298,0.9510185,0.9510298,0.95424837,0.9443044,0.95443267,0.9496812,0.9500115,0.953832,0.9560748,0.95295864,0.95247525,0.95694023,0.9505025,0.95445293,0.94655913,0.9497822,0.96536255,0.96404827,0.96303,0.9595494,0.9620672,0.6308005,0.6277811,0.37981588,0.0,0.9247808,0.9249596,0.89202,0.90479916,0.9086804,0.90482366],[0.994833,0.9951073,0.9963906,0.95924103,0.96035653,0.95474136,0.9608912,0.95814717,0.9621158,0.9604827,0.9535706,0.95355964,0.9535706,0.9559355,0.9582069,0.9637748,0.9604559,0.9613583,0.9569765,0.9563118,0.96346104,0.96217316,0.9648346,0.96190476,0.9655622,0.9643224,0.9581138,0.96353763,0.96457696,0.96604276,0.9615894,0.9606237,0.92634296,0.9297821,0.91881746,0.9247808,0.0,0.0061864783,0.9063257,0.9061236,0.9049727,0.9031998],[0.9948292,0.9951036,0.99638784,0.9594468,0.9608073,0.9549485,0.9611006,0.9583529,0.9623271,0.9609375,0.95402026,0.9540094,0.95402026,0.9561446,0.9586545,0.96421975,0.96066105,0.9615655,0.95718366,0.9562696,0.9636871,0.96239835,0.9650678,0.96213293,0.9655262,0.96455175,0.9580696,0.96349984,0.96454084,0.9660064,0.96182394,0.960582,0.9267778,0.9302326,0.9192488,0.9249596,0.0061864783,0.0,0.9062247,0.9063175,0.90544415,0.90368575],[0.9957772,0.9956843,0.99625933,0.94722956,0.9490227,0.95401067,0.9534079,0.95288235,0.9630712,0.95739615,0.96198905,0.96197915,0.96198905,0.96480936,0.94887257,0.95523936,0.94869107,0.9460032,0.9565102,0.9594086,0.9490741,0.9472922,0.9517714,0.94953054,0.95195466,0.94460815,0.9489796,0.95287186,0.9566474,0.948244,0.9497122,0.9511754,0.9061008,0.9095657,0.89700025,0.89202,0.9063257,0.9062247,0.0,0.3833034,0.66393733,0.6510417],[0.9953657,0.9952636,0.99604416,0.95922637,0.95746917,0.95642877,0.95664895,0.9596436,0.9610563,0.9595131,0.96082526,0.9608151,0.96082526,0.9627944,0.95888627,0.9605365,0.9573361,0.9588682,0.95530725,0.9623959,0.9550173,0.9532468,0.95446426,0.9497207,0.95089823,0.9546651,0.9488568,0.9558434,0.95956093,0.95103174,0.95181817,0.95610344,0.91312385,0.91146547,0.9017479,0.90479916,0.9061236,0.9063175,0.3833034,0.0,0.66345465,0.6279864],[0.9949129,0.995005,0.9957593,0.95894206,0.9601413,0.95651054,0.95938694,0.9564447,0.9574852,0.9581526,0.95628,0.95626897,0.95628,0.95915204,0.9588766,0.95995027,0.95502514,0.9585963,0.9540908,0.9568607,0.9534239,0.9520111,0.9555302,0.9491956,0.9515204,0.951295,0.94956774,0.95211107,0.9560501,0.9522828,0.9469078,0.95076746,0.9092536,0.9057508,0.90245146,0.9086804,0.9049727,0.90544415,0.66393733,0.66345465,0.0,0.6112749],[0.9947833,0.99466884,0.9952312,0.9602907,0.9593644,0.9591945,0.9588499,0.95499736,0.9560469,0.9542691,0.9556483,0.95563674,0.9556483,0.9583222,0.95481694,0.95917845,0.95516974,0.9558632,0.95310014,0.95679015,0.9538285,0.9523673,0.95447826,0.9516035,0.9524941,0.95224226,0.9523526,0.95032334,0.95232594,0.9504284,0.94677955,0.94762194,0.91167194,0.9108559,0.8971444,0.90482366,0.9031998,0.90368575,0.6510417,0.6279864,0.6112749,0.0]],"x":[0.5,1.5,2.5,3.5,4.5,5.5,6.5,7.5,8.5,9.5,10.5,11.5,12.5,13.5,14.5,15.5,16.5,17.5,18.5,19.5,20.5,21.5,22.5,23.5,24.5,25.5,26.5,27.5,28.5,29.5,30.5,31.5,32.5,33.5,34.5,35.5,36.5,37.5,38.5,39.5,40.5,41.5,42.5]},{"showlegend":false,"mode":"lines","xaxis":"x2","line":{"color":"gray"},"y":[24.0625,26.0,null,24.0625,24.0625,null,26.0,26.0,null],"type":"scatter","hoverinfo":"skip","yaxis":"y","x":[0.4989228844642639,0.4989228844642639,null,0.4989228844642639,0.4601307213306427,null,0.4989228844642639,0.0,null]},{"showlegend":false,"mode":"lines","xaxis":"x2","line":{"color":"gray"},"y":[12.25,14.0,null,12.25,12.25,null,14.0,14.0,null],"type":"scatter","hoverinfo":"skip","yaxis":"y","x":[0.051235131919384,0.051235131919384,null,0.051235131919384,0.0018315018387511373,null,0.051235131919384,0.0,null]},{"showlegend":false,"mode":"lines","xaxis":"x2","line":{"color":"gray"},"y":[17.5,19.0,null,17.5,17.5,null,19.0,19.0,null],"type":"scatter","hoverinfo":"skip","yaxis":"y","x":[0.3415479362010956,0.3415479362010956,null,0.3415479362010956,0.31035810708999634,null,0.3415479362010956,0.0,null]},{"showlegend":false,"mode":"lines","xaxis":"x2","line":{"color":"gray"},"y":[26.015625,29.875,null,26.015625,26.015625,null,29.875,29.875,null],"type":"scatter","hoverinfo":"skip","yaxis":"y","x":[0.6535947918891907,0.6535947918891907,null,0.6535947918891907,0.5279660820960999,null,0.6535947918891907,0.5457214713096619,null]},{"showlegend":false,"mode":"lines","xaxis":"x2","line":{"color":"gray"},"y":[5.25,7.0,null,5.25,5.25,null,7.0,7.0,null],"type":"scatter","hoverinfo":"skip","yaxis":"y","x":[0.512110710144043,0.512110710144043,null,0.512110710144043,0.48124557733535767,null,0.512110710144043,0.0,null]},{"showlegend":false,"mode":"lines","xaxis":"x2","line":{"color":"gray"},"y":[33.0,34.0,null,33.0,33.0,null,34.0,34.0,null],"type":"scatter","hoverinfo":"skip","yaxis":"y","x":[0.2903471887111664,0.2903471887111664,null,0.2903471887111664,0.0,null,0.2903471887111664,0.0,null]},{"showlegend":false,"mode":"lines","xaxis":"x2","line":{"color":"gray"},"y":[37.5,40.5,null,37.5,37.5,null,40.5,40.5,null],"type":"scatter","hoverinfo":"skip","yaxis":"y","x":[0.9063256978988647,0.9063256978988647,null,0.9063256978988647,0.006186478305608034,null,0.9063256978988647,0.6639373302459717,null]},{"showlegend":false,"mode":"lines","xaxis":"x2","line":{"color":"gray"},"y":[34.5,39.0,null,34.5,34.5,null,39.0,39.0,null],"type":"scatter","hoverinfo":"skip","yaxis":"y","x":[0.930232584476471,0.930232584476471,null,0.930232584476471,0.6308004856109619,null,0.930232584476471,0.9063256978988647,null]},{"showlegend":false,"mode":"lines","xaxis":"x2","line":{"color":"gray"},"y":[28.0,29.0,null,28.0,28.0,null,29.0,29.0,null],"type":"scatter","hoverinfo":"skip","yaxis":"y","x":[0.4093959629535675,0.4093959629535675,null,0.4093959629535675,0.0,null,0.4093959629535675,0.0,null]},{"showlegend":false,"mode":"lines","xaxis":"x2","line":{"color":"gray"},"y":[21.0,22.0,null,21.0,21.0,null,22.0,22.0,null],"type":"scatter","hoverinfo":"skip","yaxis":"y","x":[0.016811279579997063,0.016811279579997063,null,0.016811279579997063,0.0,null,0.016811279579997063,0.0,null]},{"showlegend":false,"mode":"lines","xaxis":"x2","line":{"color":"gray"},"y":[19.51953125,36.75,null,19.51953125,19.51953125,null,36.75,36.75,null],"type":"scatter","hoverinfo":"skip","yaxis":"y","x":[0.9660427570343018,0.9660427570343018,null,0.9660427570343018,0.89397794008255,null,0.9660427570343018,0.930232584476471,null]},{"showlegend":false,"mode":"lines","xaxis":"x2","line":{"color":"gray"},"y":[11.0,12.0,null,11.0,11.0,null,12.0,12.0,null],"type":"scatter","hoverinfo":"skip","yaxis":"y","x":[0.0004582951369229704,0.0004582951369229704,null,0.0004582951369229704,0.0,null,0.0004582951369229704,0.0,null]},{"showlegend":false,"mode":"lines","xaxis":"x2","line":{"color":"gray"},"y":[33.5,35.5,null,33.5,33.5,null,35.5,35.5,null],"type":"scatter","hoverinfo":"skip","yaxis":"y","x":[0.6308004856109619,0.6308004856109619,null,0.6308004856109619,0.2903471887111664,null,0.6308004856109619,0.37981587648391724,null]},{"showlegend":false,"mode":"lines","xaxis":"x2","line":{"color":"gray"},"y":[8.0,9.0,null,8.0,8.0,null,9.0,9.0,null],"type":"scatter","hoverinfo":"skip","yaxis":"y","x":[0.3535080850124359,0.3535080850124359,null,0.3535080850124359,0.0,null,0.3535080850124359,0.0,null]},{"showlegend":false,"mode":"lines","xaxis":"x2","line":{"color":"gray"},"y":[30.0,31.0,null,30.0,30.0,null,31.0,31.0,null],"type":"scatter","hoverinfo":"skip","yaxis":"y","x":[0.47860464453697205,0.47860464453697205,null,0.47860464453697205,0.0,null,0.47860464453697205,0.0,null]},{"showlegend":false,"mode":"lines","xaxis":"x2","line":{"color":"gray"},"y":[2.25,28.134765625,null,2.25,2.25,null,28.134765625,28.134765625,null],"type":"scatter","hoverinfo":"skip","yaxis":"y","x":[0.998719334602356,0.998719334602356,null,0.998719334602356,0.2890969216823578,null,0.998719334602356,0.9660427570343018,null]},{"showlegend":false,"mode":"lines","xaxis":"x2","line":{"color":"gray"},"y":[35.0,36.0,null,35.0,35.0,null,36.0,36.0,null],"type":"scatter","hoverinfo":"skip","yaxis":"y","x":[0.37981587648391724,0.37981587648391724,null,0.37981587648391724,0.0,null,0.37981587648391724,0.0,null]},{"showlegend":false,"mode":"lines","xaxis":"x2","line":{"color":"gray"},"y":[13.125,16.875,null,13.125,13.125,null,16.875,16.875,null],"type":"scatter","hoverinfo":"skip","yaxis":"y","x":[0.39266616106033325,0.39266616106033325,null,0.39266616106033325,0.051235131919384,null,0.39266616106033325,0.37751004099845886,null]},{"showlegend":false,"mode":"lines","xaxis":"x2","line":{"color":"gray"},"y":[4.0,5.0,null,4.0,4.0,null,5.0,5.0,null],"type":"scatter","hoverinfo":"skip","yaxis":"y","x":[0.46026140451431274,0.46026140451431274,null,0.46026140451431274,0.0,null,0.46026140451431274,0.0,null]},{"showlegend":false,"mode":"lines","xaxis":"x2","line":{"color":"gray"},"y":[39.0,40.0,null,39.0,39.0,null,40.0,40.0,null],"type":"scatter","hoverinfo":"skip","yaxis":"y","x":[0.3833034038543701,0.3833034038543701,null,0.3833034038543701,0.0,null,0.3833034038543701,0.0,null]},{"showlegend":false,"mode":"lines","xaxis":"x2","line":{"color":"gray"},"y":[23.125,25.0,null,23.125,23.125,null,25.0,25.0,null],"type":"scatter","hoverinfo":"skip","yaxis":"y","x":[0.4601307213306427,0.4601307213306427,null,0.4601307213306427,0.4387298822402954,null,0.4601307213306427,0.0,null]},{"showlegend":false,"mode":"lines","xaxis":"x2","line":{"color":"gray"},"y":[1.5,3.0,null,1.5,1.5,null,3.0,3.0,null],"type":"scatter","hoverinfo":"skip","yaxis":"y","x":[0.2890969216823578,0.2890969216823578,null,0.2890969216823578,0.2623995542526245,null,0.2890969216823578,0.0,null]},{"showlegend":false,"mode":"lines","xaxis":"x2","line":{"color":"gray"},"y":[17.0,18.0,null,17.0,17.0,null,18.0,18.0,null],"type":"scatter","hoverinfo":"skip","yaxis":"y","x":[0.31035810708999634,0.31035810708999634,null,0.31035810708999634,0.0,null,0.31035810708999634,0.0,null]},{"showlegend":false,"mode":"lines","xaxis":"x2","line":{"color":"gray"},"y":[11.5,13.0,null,11.5,11.5,null,13.0,13.0,null],"type":"scatter","hoverinfo":"skip","yaxis":"y","x":[0.0018315018387511373,0.0018315018387511373,null,0.0018315018387511373,0.0004582951369229704,null,0.0018315018387511373,0.0,null]},{"showlegend":false,"mode":"lines","xaxis":"x2","line":{"color":"gray"},"y":[12.125,20.0,null,12.125,12.125,null,20.0,20.0,null],"type":"scatter","hoverinfo":"skip","yaxis":"y","x":[0.5734939575195312,0.5734939575195312,null,0.5734939575195312,0.4000000059604645,null,0.5734939575195312,0.0,null]},{"showlegend":false,"mode":"lines","xaxis":"x2","line":{"color":"gray"},"y":[15.0,16.0,null,15.0,15.0,null,16.0,16.0,null],"type":"scatter","hoverinfo":"skip","yaxis":"y","x":[0.3332081139087677,0.3332081139087677,null,0.3332081139087677,0.0,null,0.3332081139087677,0.0,null]},{"showlegend":false,"mode":"lines","xaxis":"x2","line":{"color":"gray"},"y":[41.0,42.0,null,41.0,41.0,null,42.0,42.0,null],"type":"scatter","hoverinfo":"skip","yaxis":"y","x":[0.6112748980522156,0.6112748980522156,null,0.6112748980522156,0.0,null,0.6112748980522156,0.0,null]},{"showlegend":false,"mode":"lines","xaxis":"x2","line":{"color":"gray"},"y":[9.25,15.0,null,9.25,9.25,null,15.0,15.0,null],"type":"scatter","hoverinfo":"skip","yaxis":"y","x":[0.4000000059604645,0.4000000059604645,null,0.4000000059604645,0.3675634562969208,null,0.4000000059604645,0.39266616106033325,null]},{"showlegend":false,"mode":"lines","xaxis":"x2","line":{"color":"gray"},"y":[28.5,31.25,null,28.5,28.5,null,31.25,31.25,null],"type":"scatter","hoverinfo":"skip","yaxis":"y","x":[0.5457214713096619,0.5457214713096619,null,0.5457214713096619,0.4093959629535675,null,0.5457214713096619,0.5188637375831604,null]},{"showlegend":false,"mode":"lines","xaxis":"x2","line":{"color":"gray"},"y":[11.09375,27.9453125,null,11.09375,11.09375,null,27.9453125,27.9453125,null],"type":"scatter","hoverinfo":"skip","yaxis":"y","x":[0.89397794008255,0.89397794008255,null,0.89397794008255,0.6402742862701416,null,0.89397794008255,0.6535947918891907,null]},{"showlegend":false,"mode":"lines","xaxis":"x2","line":{"color":"gray"},"y":[15.5,18.25,null,15.5,15.5,null,18.25,18.25,null],"type":"scatter","hoverinfo":"skip","yaxis":"y","x":[0.37751004099845886,0.37751004099845886,null,0.37751004099845886,0.3332081139087677,null,0.37751004099845886,0.3415479362010956,null]},{"showlegend":false,"mode":"lines","xaxis":"x2","line":{"color":"gray"},"y":[37.0,38.0,null,37.0,37.0,null,38.0,38.0,null],"type":"scatter","hoverinfo":"skip","yaxis":"y","x":[0.006186478305608034,0.006186478305608034,null,0.006186478305608034,0.0,null,0.006186478305608034,0.0,null]},{"showlegend":false,"mode":"lines","xaxis":"x2","line":{"color":"gray"},"y":[25.03125,27.0,null,25.03125,25.03125,null,27.0,27.0,null],"type":"scatter","hoverinfo":"skip","yaxis":"y","x":[0.5279660820960999,0.5279660820960999,null,0.5279660820960999,0.4989228844642639,null,0.5279660820960999,0.0,null]},{"showlegend":false,"mode":"lines","xaxis":"x2","line":{"color":"gray"},"y":[22.25,24.0,null,22.25,22.25,null,24.0,24.0,null],"type":"scatter","hoverinfo":"skip","yaxis":"y","x":[0.4387298822402954,0.4387298822402954,null,0.4387298822402954,0.3320790231227875,null,0.4387298822402954,0.0,null]},{"showlegend":false,"mode":"lines","xaxis":"x2","line":{"color":"gray"},"y":[39.5,41.5,null,39.5,39.5,null,41.5,41.5,null],"type":"scatter","hoverinfo":"skip","yaxis":"y","x":[0.6639373302459717,0.6639373302459717,null,0.6639373302459717,0.3833034038543701,null,0.6639373302459717,0.6112748980522156,null]},{"showlegend":false,"mode":"lines","xaxis":"x2","line":{"color":"gray"},"y":[4.5,6.0,null,4.5,4.5,null,6.0,6.0,null],"type":"scatter","hoverinfo":"skip","yaxis":"y","x":[0.48124557733535767,0.48124557733535767,null,0.48124557733535767,0.46026140451431274,null,0.48124557733535767,0.0,null]},{"showlegend":false,"mode":"lines","xaxis":"x2","line":{"color":"gray"},"y":[1.0,2.0,null,1.0,1.0,null,2.0,2.0,null],"type":"scatter","hoverinfo":"skip","yaxis":"y","x":[0.2623995542526245,0.2623995542526245,null,0.2623995542526245,0.0,null,0.2623995542526245,0.0,null]},{"showlegend":false,"mode":"lines","xaxis":"x2","line":{"color":"gray"},"y":[8.5,10.0,null,8.5,8.5,null,10.0,10.0,null],"type":"scatter","hoverinfo":"skip","yaxis":"y","x":[0.3675634562969208,0.3675634562969208,null,0.3675634562969208,0.3535080850124359,null,0.3675634562969208,0.0,null]},{"showlegend":false,"mode":"lines","xaxis":"x2","line":{"color":"gray"},"y":[30.5,32.0,null,30.5,30.5,null,32.0,32.0,null],"type":"scatter","hoverinfo":"skip","yaxis":"y","x":[0.5188637375831604,0.5188637375831604,null,0.5188637375831604,0.47860464453697205,null,0.5188637375831604,0.0,null]},{"showlegend":false,"mode":"lines","xaxis":"x2","line":{"color":"gray"},"y":[6.125,16.0625,null,6.125,6.125,null,16.0625,16.0625,null],"type":"scatter","hoverinfo":"skip","yaxis":"y","x":[0.6402742862701416,0.6402742862701416,null,0.6402742862701416,0.512110710144043,null,0.6402742862701416,0.5734939575195312,null]},{"showlegend":false,"mode":"lines","xaxis":"x2","line":{"color":"gray"},"y":[21.5,23.0,null,21.5,21.5,null,23.0,23.0,null],"type":"scatter","hoverinfo":"skip","yaxis":"y","x":[0.3320790231227875,0.3320790231227875,null,0.3320790231227875,0.016811279579997063,null,0.3320790231227875,0.0,null]},{"showlegend":false,"mode":"markers","xaxis":"x2","marker":{"color":"gray","size":[4,8,4,8,8,8,8,4,8,4,8,8,8,8,8,8,8,8,8,8,4,8,8,4,8,8,4,8,8,8,8,8,8,8,8,8,4,4,8,4,4]},"y":[25.03125,21.5,8.5,30.5,35.5,39.5,41.5,16.875,40.5,31.25,22.25,6.125,15.1923828125,4.5,24