<html>
<head>
<script src="https://cdn.plot.ly/plotly-1.54.7.min.js"></script>
</head>
<body>
  <script>
    gd = (function() {
  var WIDTH_IN_PERCENT_OF_PARENT = 100;
  var HEIGHT_IN_PERCENT_OF_PARENT = 100;
  var gd = Plotly.d3.select('body')
    .append('div').attr("id", "8587ab67-bf79-44e2-95ce-b7e2810370a0")
    .style({
      width: WIDTH_IN_PERCENT_OF_PARENT + '%',
      'margin-left': (100 - WIDTH_IN_PERCENT_OF_PARENT) / 2 + '%',
      height: HEIGHT_IN_PERCENT_OF_PARENT + 'vh',
      'margin-top': (100 - HEIGHT_IN_PERCENT_OF_PARENT) / 2 + 'vh'
    })
    .node();
  var plot_json = {"layout":{"showlegend":false,"xaxis":{"scaleanchor":"y","visible":false,"domain":[0.504950495049505,1.0]},"hovermode":"closest","xaxis2":{"rangemode":"nonnegative","domain":[0.0,0.49504950495049505],"autorange":"reversed"},"height":550,"margin":{"l":50,"b":50,"r":50,"t":60},"yaxis":{"scaleanchor":"x","visible":false},"title":"Prochlorococcus marinus, 29 genomes, 1371 overlaps, min inter = 0.9941","width":1000},"frames":[],"data":[{"xaxis":"x","y":[0.5,1.5,2.5,3.5,4.5,5.5,6.5,7.5,8.5,9.5,10.5,11.5,12.5,13.5,14.5,15.5,16.5,17.5,18.5,19.5,20.5,21.5,22.5,23.5,24.5,25.5,26.5,27.5,28.5,29.5],"type":"heatmap","colorscale":[[0.0,"#000004"],[0.00392156862745098,"#010005"],[0.00784313725490196,"#010106"],[0.011764705882352941,"#010108"],[0.01568627450980392,"#020109"],[0.0196078431372549,"#02020B"],[0.023529411764705882,"#02020D"],[0.027450980392156862,"#03030F"],[0.03137254901960784,"#030312"],[0.03529411764705882,"#040414"],[0.0392156862745098,"#050416"],[0.043137254901960784,"#060518"],[0.047058823529411764,"#06051A"],[0.050980392156862744,"#07061C"],[0.054901960784313725,"#08071E"],[0.058823529411764705,"#090720"],[0.06274509803921569,"#0A0822"],[0.06666666666666667,"#0B0924"],[0.07058823529411765,"#0C0926"],[0.07450980392156863,"#0D0A29"],[0.0784313725490196,"#0E0B2B"],[0.08235294117647059,"#100B2D"],[0.08627450980392157,"#110C2F"],[0.09019607843137255,"#120D31"],[0.09411764705882353,"#130D34"],[0.09803921568627451,"#140E36"],[0.10196078431372549,"#150E38"],[0.10588235294117647,"#160F3B"],[0.10980392156862745,"#180F3D"],[0.11372549019607843,"#19103F"],[0.11764705882352941,"#1A1042"],[0.12156862745098039,"#1C1044"],[0.12549019607843137,"#1D1147"],[0.12941176470588237,"#1E1149"],[0.13333333333333333,"#20114B"],[0.13725490196078433,"#21114E"],[0.1411764705882353,"#221150"],[0.1450980392156863,"#241253"],[0.14901960784313725,"#251255"],[0.15294117647058825,"#271258"],[0.1568627450980392,"#29115A"],[0.1607843137254902,"#2A115C"],[0.16470588235294117,"#2C115F"],[0.16862745098039217,"#2D1161"],[0.17254901960784313,"#2F1163"],[0.17647058823529413,"#311165"],[0.1803921568627451,"#331067"],[0.1843137254901961,"#341069"],[0.18823529411764706,"#36106B"],[0.19215686274509805,"#38106C"],[0.19607843137254902,"#390F6E"],[0.2,"#3B0F70"],[0.20392156862745098,"#3D0F71"],[0.20784313725490197,"#3F0F72"],[0.21176470588235294,"#400F74"],[0.21568627450980393,"#420F75"],[0.2196078431372549,"#440F76"],[0.2235294117647059,"#451077"],[0.22745098039215686,"#471078"],[0.23137254901960785,"#491078"],[0.23529411764705882,"#4A1079"],[0.23921568627450981,"#4C117A"],[0.24313725490196078,"#4E117B"],[0.24705882352941178,"#4F127B"],[0.25098039215686274,"#51127C"],[0.2549019607843137,"#52137C"],[0.25882352941176473,"#54137D"],[0.2627450980392157,"#56147D"],[0.26666666666666666,"#57157E"],[0.27058823529411763,"#59157E"],[0.27450980392156865,"#5A167E"],[0.2784313725490196,"#5C167F"],[0.2823529411764706,"#5D177F"],[0.28627450980392155,"#5F187F"],[0.2901960784313726,"#601880"],[0.29411764705882354,"#621980"],[0.2980392156862745,"#641A80"],[0.30196078431372547,"#651A80"],[0.3058823529411765,"#671B80"],[0.30980392156862746,"#681C81"],[0.3137254901960784,"#6A1C81"],[0.3176470588235294,"#6B1D81"],[0.3215686274509804,"#6D1D81"],[0.3254901960784314,"#6E1E81"],[0.32941176470588235,"#701F81"],[0.3333333333333333,"#721F81"],[0.33725490196078434,"#732081"],[0.3411764705882353,"#752181"],[0.34509803921568627,"#762181"],[0.34901960784313724,"#782281"],[0.35294117647058826,"#792282"],[0.3568627450980392,"#7B2382"],[0.3607843137254902,"#7C2382"],[0.36470588235294116,"#7E2482"],[0.3686274509803922,"#802582"],[0.37254901960784315,"#812581"],[0.3764705882352941,"#832681"],[0.3803921568627451,"#842681"],[0.3843137254901961,"#862781"],[0.38823529411764707,"#882781"],[0.39215686274509803,"#892881"],[0.396078431372549,"#8B2981"],[0.4,"#8C2981"],[0.403921568627451,"#8E2A81"],[0.40784313725490196,"#902A81"],[0.4117647058823529,"#912B81"],[0.41568627450980394,"#932B80"],[0.4196078431372549,"#942C80"],[0.4235294117647059,"#962C80"],[0.42745098039215684,"#982D80"],[0.43137254901960786,"#992D80"],[0.43529411764705883,"#9B2E7F"],[0.4392156862745098,"#9C2E7F"],[0.44313725490196076,"#9E2F7F"],[0.4470588235294118,"#A02F7F"],[0.45098039215686275,"#A1307E"],[0.4549019607843137,"#A3307E"],[0.4588235294117647,"#A5317E"],[0.4627450980392157,"#A6317D"],[0.4666666666666667,"#A8327D"],[0.47058823529411764,"#AA337D"],[0.4745098039215686,"#AB337C"],[0.47843137254901963,"#AD347C"],[0.4823529411764706,"#AE347B"],[0.48627450980392156,"#B0357B"],[0.49019607843137253,"#B2357B"],[0.49411764705882355,"#B3367A"],[0.4980392156862745,"#B5367A"],[0.5019607843137255,"#B73779"],[0.5058823529411764,"#B83779"],[0.5098039215686274,"#BA3878"],[0.5137254901960784,"#BC3978"],[0.5176470588235295,"#BD3977"],[0.5215686274509804,"#BF3A77"],[0.5254901960784314,"#C03A76"],[0.5294117647058824,"#C23B75"],[0.5333333333333333,"#C43C75"],[0.5372549019607843,"#C53C74"],[0.5411764705882353,"#C73D73"],[0.5450980392156862,"#C83E73"],[0.5490196078431373,"#CA3E72"],[0.5529411764705883,"#CC3F71"],[0.5568627450980392,"#CD4071"],[0.5607843137254902,"#CF4070"],[0.5647058823529412,"#D0416F"],[0.5686274509803921,"#D2426F"],[0.5725490196078431,"#D3436E"],[0.5764705882352941,"#D5446D"],[0.5803921568627451,"#D6456C"],[0.5843137254901961,"#D8456C"],[0.5882352941176471,"#D9466B"],[0.592156862745098,"#DB476A"],[0.596078431372549,"#DC4869"],[0.6,"#DE4968"],[0.6039215686274509,"#DF4A68"],[0.6078431372549019,"#E04C67"],[0.611764705882353,"#E24D66"],[0.615686274509804,"#E34E65"],[0.6196078431372549,"#E44F64"],[0.6235294117647059,"#E55064"],[0.6274509803921569,"#E75263"],[0.6313725490196078,"#E85362"],[0.6352941176470588,"#E95462"],[0.6392156862745098,"#EA5661"],[0.6431372549019608,"#EB5760"],[0.6470588235294118,"#EC5860"],[0.6509803921568628,"#ED5A5F"],[0.6549019607843137,"#EE5B5E"],[0.6588235294117647,"#EF5D5E"],[0.6627450980392157,"#F05F5E"],[0.6666666666666666,"#F1605D"],[0.6705882352941176,"#F2625D"],[0.6745098039215687,"#F2645C"],[0.6784313725490196,"#F3655C"],[0.6823529411764706,"#F4675C"],[0.6862745098039216,"#F4695C"],[0.6901960784313725,"#F56B5C"],[0.6941176470588235,"#F66C5C"],[0.6980392156862745,"#F66E5C"],[0.7019607843137254,"#F7705C"],[0.7058823529411765,"#F7725C"],[0.7098039215686275,"#F8745C"],[0.7137254901960784,"#F8765C"],[0.7176470588235294,"#F9785D"],[0.7215686274509804,"#F9795D"],[0.7254901960784313,"#F97B5D"],[0.7294117647058823,"#FA7D5E"],[0.7333333333333333,"#FA7F5E"],[0.7372549019607844,"#FA815F"],[0.7411764705882353,"#FB835F"],[0.7450980392156863,"#FB8560"],[0.7490196078431373,"#FB8761"],[0.7529411764705882,"#FC8961"],[0.7568627450980392,"#FC8A62"],[0.7607843137254902,"#FC8C63"],[0.7647058823529411,"#FC8E64"],[0.7686274509803922,"#FC9065"],[0.7725490196078432,"#FD9266"],[0.7764705882352941,"#FD9467"],[0.7803921568627451,"#FD9668"],[0.7843137254901961,"#FD9869"],[0.788235294117647,"#FD9A6A"],[0.792156862745098,"#FD9B6B"],[0.796078431372549,"#FE9D6C"],[0.8,"#FE9F6D"],[0.803921568627451,"#FEA16E"],[0.807843137254902,"#FEA36F"],[0.8117647058823529,"#FEA571"],[0.8156862745098039,"#FEA772"],[0.8196078431372549,"#FEA973"],[0.8235294117647058,"#FEAA74"],[0.8274509803921568,"#FEAC76"],[0.8313725490196079,"#FEAE77"],[0.8352941176470589,"#FEB078"],[0.8392156862745098,"#FEB27A"],[0.8431372549019608,"#FEB47B"],[0.8470588235294118,"#FEB67C"],[0.8509803921568627,"#FEB77E"],[0.8549019607843137,"#FEB97F"],[0.8588235294117647,"#FEBB81"],[0.8627450980392157,"#FEBD82"],[0.8666666666666667,"#FEBF84"],[0.8705882352941177,"#FEC185"],[0.8745098039215686,"#FEC287"],[0.8784313725490196,"#FEC488"],[0.8823529411764706,"#FEC68A"],[0.8862745098039215,"#FEC88C"],[0.8901960784313725,"#FECA8D"],[0.8941176470588236,"#FECC8F"],[0.8980392156862745,"#FECD90"],[0.9019607843137255,"#FECF92"],[0.9058823529411765,"#FED194"],[0.9098039215686274,"#FED395"],[0.9137254901960784,"#FED597"],[0.9176470588235294,"#FED799"],[0.9215686274509803,"#FED89A"],[0.9254901960784314,"#FDDA9C"],[0.9294117647058824,"#FDDC9E"],[0.9333333333333333,"#FDDEA0"],[0.9372549019607843,"#FDE0A1"],[0.9411764705882353,"#FDE2A3"],[0.9450980392156862,"#FDE3A5"],[0.9490196078431372,"#FDE5A7"],[0.9529411764705882,"#FDE7A9"],[0.9568627450980393,"#FDE9AA"],[0.9607843137254902,"#FDEBAC"],[0.9647058823529412,"#FCECAE"],[0.9686274509803922,"#FCEEB0"],[0.9725490196078431,"#FCF0B2"],[0.9764705882352941,"#FCF2B4"],[0.9803921568627451,"#FCF4B6"],[0.984313725490196,"#FCF6B8"],[0.9882352941176471,"#FCF7B9"],[0.9921568627450981,"#FCF9BB"],[0.996078431372549,"#FCFBBD"],[1.0,"#FCFDBF"]],"yaxis":"y","z":[[0.0,0.06913319,0.5814027,0.62238604,0.62089235,0.5778347,0.5671618,0.59375477,0.6769446,0.99862194,0.9986215,0.99831724,0.99832034,0.99831754,0.9982068,0.9983533,0.99880546,0.9988053,0.9983298,0.9983356,0.9983348,0.99735963,0.9973593,0.9973593,0.9973589,0.9973556,0.9978346,0.99771076,0.99796003],[0.06913319,0.0,0.5870077,0.62727004,0.62662095,0.5833069,0.572679,0.59816045,0.6791273,0.99863553,0.9986351,0.9983338,0.99833685,0.9983341,0.9982241,0.99836916,0.9988169,0.9988167,0.9983461,0.9983518,0.9983511,0.99752134,0.997521,0.997521,0.9975207,0.9975176,0.9978535,0.9977306,0.9979779],[0.5814027,0.5870077,0.0,0.6330053,0.63235295,0.5994559,0.5984635,0.62123275,0.67180145,0.9989071,0.9989068,0.9982837,0.99828684,0.9982839,0.9986295,0.99862677,0.99893457,0.9989344,0.99891675,0.9987662,0.9989201,0.99717,0.99716955,0.99716955,0.99716914,0.99716556,0.99793446,0.9976706,0.99806255],[0.62238604,0.62727004,0.6330053,0.0,0.044039804,0.5983747,0.5974265,0.6025487,0.6801939,0.9989429,0.9989426,0.99849105,0.99849373,0.9984912,0.99852574,0.99837494,0.9988211,0.9988209,0.9986521,0.9986567,0.9986561,0.99711657,0.99711615,0.99711615,0.9971158,0.9971122,0.9977264,0.9978712,0.9979844],[0.62089235,0.62662095,0.63235295,0.044039804,0.0,0.5965544,0.59628665,0.602491,0.68057096,0.99894166,0.9989413,0.9984892,0.99849194,0.99848944,0.998524,0.99837303,0.9988197,0.99881953,0.9986505,0.9986551,0.9986545,0.9971134,0.997113,0.997113,0.99711263,0.99710906,0.99772394,0.99786896,0.99798226],[0.5778347,0.5833069,0.5994559,0.5983747,0.5965544,0.0,0.5204133,0.54831463,0.6769627,0.9985811,0.9985807,0.9982675,0.9982707,0.9982677,0.998155,0.9983056,0.99830925,0.998309,0.9987502,0.9987547,0.9987541,0.9978608,0.9978605,0.9978605,0.9978602,0.99785745,0.99777806,0.99751276,0.9979065],[0.5671618,0.572679,0.5984635,0.5974265,0.59628665,0.5204133,0.0,0.5387051,0.67967546,0.99892837,0.998928,0.99816376,0.9981671,0.998164,0.9985059,0.9986529,0.99865574,0.9986555,0.9989376,0.9989413,0.9989408,0.9972199,0.9972195,0.9972195,0.99721915,0.9972156,0.99797,0.99771047,0.998096],[0.59375477,0.59816045,0.62123275,0.6025487,0.602491,0.54831463,0.5387051,0.0,0.6834818,0.99865574,0.9986553,0.9983584,0.9983614,0.9983587,0.99810356,0.9985391,0.9985421,0.99854183,0.9989636,0.9989671,0.99896663,0.99769086,0.99769056,0.99769056,0.9976902,0.9976874,0.99761623,0.99749607,0.9976045],[0.6769446,0.6791273,0.67180145,0.6801939,0.68057096,0.6769627,0.67967546,0.6834818,0.0,0.99840605,0.9984056,0.9985528,0.9985553,0.99855304,0.9987265,0.9987241,0.99844325,0.998443,0.9987069,0.99871117,0.9987106,0.9976219,0.99762154,0.99762154,0.99762124,0.99761844,0.9975509,0.99743426,0.9977988],[0.99862194,0.99863553,0.9989071,0.9989429,0.99894166,0.9985811,0.99892837,0.99865574,0.99840605,0.0,0.002988048,0.9723926,0.9724771,0.9723997,0.9729464,0.9728596,0.9709288,0.97092164,0.97428787,0.9744361,0.97441685,0.9935581,0.9935567,0.9935567,0.9935553,0.99354285,0.9938106,0.99447626,0.99376297],[0.9986215,0.9986351,0.9989068,0.9989426,0.9989413,0.9985807,0.998928,0.9986553,0.9984056,0.002988048,0.0,0.9726413,0.972725,0.97264826,0.97293305,0.9728462,0.9709145,0.9709073,0.97453356,0.97468036,0.9746613,0.9935553,0.99355394,0.99355394,0.99355257,0.99354005,0.99380803,0.994474,0.9937604],[0.99831724,0.9983338,0.9982837,0.99849105,0.9984892,0.9982675,0.99816376,0.9983584,0.9985528,0.9723926,0.9726413,0.0,0.005923001,0.015270936,0.87193316,0.87026,0.87741417,0.87738127,0.8978102,0.8981457,0.8983598,0.99335337,0.99335194,0.99335194,0.9933505,0.99333763,0.99547607,0.9948959,0.99398214],[0.99832034,0.99833685,0.99828684,0.99849373,0.99849194,0.9982707,0.9981671,0.9983614,0.9985553,0.9724771,0.972725,0.005923001,0.0,0.016200295,0.87234616,0.87068033,0.8778075,0.87777483,0.89814067,0.8984731,0.8986867,0.9933704,0.993369,0.993369,0.99336755,0.9933548,0.99548715,0.99490833,0.9939971],[0.99831754,0.9983341,0.9982839,0.9984912,0.99848944,0.9982677,0.998164,0.9983587,0.99855304,0.9723997,0.97264826,0.015270936,0.016200295,0.0,0.8722716,0.870601,0.877748,0.87771523,0.89813566,0.898469,0.89868313,0.9933548,0.99335337,0.99335337,0.99335194,0.99333906,0.99547696,0.9948969,0.9939834],[0.9982068,0.9982241,0.9986295,0.99852574,0.998524,0.998155,0.9985059,0.99810356,0.9987265,0.9729464,0.97293305,0.87193316,0.87234616,0.8722716,0.0,0.52169454,0.88377476,0.88374484,0.89101386,0.891378,0.89158195,0.9937772,0.9937759,0.9937759,0.99377465,0.99376297,0.99601674,0.99525225,0.99396867],[0.9983533,0.99836916,0.99862677,0.99837494,0.99837303,0.9983056,0.9986529,0.9985391,0.9987241,0.9728596,0.9728462,0.87026,0.87068033,0.870601,0.52169454,0.0,0.8842485,0.8842187,0.8891814,0.8895577,0.88976175,0.99459684,0.9945957,0.9945957,0.9945946,0.99458444,0.99419886,0.99344325,0.99232787],[0.99880546,0.9988169,0.99893457,0.9988211,0.9988197,0.99830925,0.99865574,0.9985421,0.99844325,0.9709288,0.9709145,0.87741417,0.8778075,0.877748,0.88377476,0.8842485,0.0,0.0013812155,0.88019043,0.8809148,0.8808208,0.99440414,0.994403,0.994403,0.9944018,0.9943914,0.99501693,0.9946566,0.99356526],[0.9988053,0.9988167,0.9989344,0.9988209,0.99881953,0.998309,0.9986555,0.99854183,0.998443,0.97092164,0.9709073,0.87738127,0.87777483,0.87771523,0.88374484,0.8842187,0.0013812155,0.0,0.8801587,0.8808835,0.88078946,0.994403,0.9944018,0.9944018,0.9944007,0.9943902,0.9950159,0.9946556,0.99356395],[0.9983298,0.9983461,0.99891675,0.9986521,0.9986505,0.9987502,0.9989376,0.9989636,0.9987069,0.97428787,0.97453356,0.8978102,0.89814067,0.89813566,0.89101386,0.8891814,0.88019043,0.8801587,0.0,0.014832536,0.022889843,0.99235344,0.99235183,0.99235183,0.9923502,0.99233556,0.9949073,0.9935223,0.9934224],[0.9983356,0.9983518,0.9987662,0.9986567,0.9986551,0.9987547,0.9989413,0.9989671,0.99871117,0.9744361,0.97468036,0.8981457,0.8984731,0.898469,0.891378,0.8895577,0.8809148,0.8808835,0.014832536,0.0,0.028841607,0.99239063,0.992389,0.992389,0.9923874,0.9923729,0.99472725,0.99355227,0.9934534],[0.9983348,0.9983511,0.9989201,0.9986561,0.9986545,0.9987541,0.9989408,0.99896663,0.9987106,0.97441685,0.9746613,0.8983598,0.8986867,0.89868313,0.89158195,0.88976175,0.8808208,0.88078946,0.022889843,0.028841607,0.0,0.9923858,0.9923842,0.9923842,0.9923826,0.99236804,0.994928,0.99334544,0.99303705],[0.99735963,0.99752134,0.99717,0.99711657,0.9971134,0.9978608,0.9972199,0.99769086,0.9976219,0.9935581,0.9935553,0.99335337,0.9933704,0.9933548,0.9937772,0.99459684,0.99440414,0.994403,0.99235344,0.99239063,0.9923858,0.0,0.00037299516,0.0011185682,0.0022363027,0.004847129,0.99383837,0.9927928,0.99232596],[0.9973593,0.997521,0.99716955,0.99711615,0.997113,0.9978605,0.9972195,0.99769056,0.99762154,0.9935567,0.99355394,0.99335194,0.993369,0.99335337,0.9937759,0.9945957,0.994403,0.9944018,0.99235183,0.992389,0.9923842,0.00037299516,0.0,0.0007459903,0.0018642804,0.004475942,0.99383724,0.9927915,0.9923246],[0.9973593,0.997521,0.99716955,0.99711615,0.997113,0.9978605,0.9972195,0.99769056,0.99762154,0.9935567,0.99355394,0.99335194,0.993369,0.99335337,0.9937759,0.9945957,0.994403,0.9944018,0.99235183,0.992389,0.9923842,0.0011185682,0.0007459903,0.0,0.0026090199,0.0052199853,0.99383724,0.9927915,0.9923246],[0.9973589,0.9975207,0.99716914,0.9971158,0.99711263,0.9978602,0.99721915,0.9976902,0.99762124,0.9935553,0.99355257,0.9933505,0.99336755,0.99335194,0.99377465,0.9945946,0.9944018,0.9944007,0.9923502,0.9923874,0.9923826,0.0022363027,0.0018642804,0.0026090199,0.0,0.005592841,0.9938361,0.9927902,0.99232316],[0.9973556,0.9975176,0.99716556,0.9971122,0.99710906,0.99785745,0.9972156,0.9976874,0.99761844,0.99354285,0.99354005,0.99333763,0.9933548,0.99333906,0.99376297,0.99458444,0.9943914,0.9943902,0.99233556,0.9923729,0.99236804,0.004847129,0.004475942,0.0052199853,0.005592841,0.0,0.99382603,0.9927785,0.9923105],[0.9978346,0.9978535,0.99793446,0.9977264,0.99772394,0.99777806,0.99797,0.99761623,0.9975509,0.9938106,0.99380803,0.99547607,0.99548715,0.99547696,0.99601674,0.99419886,0.99501693,0.9950159,0.9949073,0.99472725,0.994928,0.99383837,0.99383724,0.99383724,0.9938361,0.99382603,0.0,0.5091566,0.5783703],[0.99771076,0.9977306,0.9976706,0.9978712,0.99786896,0.99751276,0.99771047,0.99749607,0.99743426,0.99447626,0.994474,0.9948959,0.99490833,0.9948969,0.99525225,0.99344325,0.9946566,0.9946556,0.9935223,0.99355227,0.99334544,0.9927928,0.9927915,0.9927915,0.9927902,0.9927785,0.5091566,0.0,0.57705647],[0.99796003,0.9979779,0.99806255,0.9979844,0.99798226,0.9979065,0.998096,0.9976045,0.9977988,0.99376297,0.9937604,0.99398214,0.9939971,0.9939834,0.99396867,0.99232787,0.99356526,0.99356395,0.9934224,0.9934534,0.99303705,0.99232596,0.9923246,0.9923246,0.99232316,0.9923105,0.5783703,0.57705647,0.0]],"x":[0.5,1.5,2.5,3.5,4.5,5.5,6.5,7.5,8.5,9.5,10.5,11.5,12.5,13.5,14.5,15.5,16.5,17.5,18.5,19.5,20.5,21.5,22.5,23.5,24.5,25.5,26.5,27.5,28.5,29.5]},{"showlegend":false,"mode":"lines","xaxis":"x2","line":{"color":"gray"},"y":[22.0,23.0,null,22.0,22.0,null,23.0,23.0,null],"type":"scatter","hoverinfo":"skip","yaxis":"y","x":[0.00037299515679478645,0.00037299515679478645,null,0.00037299515679478645,0.0,null,0.00037299515679478645,0.0,null]},{"showlegend":false,"mode":"lines","xaxis":"x2","line":{"color":"gray"},"y":[1.5,3.0,null,1.5,1.5,null,3.0,3.0,null],"type":"scatter","hoverinfo":"skip","yaxis":"y","x":[0.5870077013969421,0.5870077013969421,null,0.5870077013969421,0.06913319230079651,null,0.5870077013969421,0.0,null]},{"showlegend":false,"mode":"lines","xaxis":"x2","line":{"color":"gray"},"y":[10.5,16.625,null,10.5,10.5,null,16.625,16.625,null],"type":"scatter","hoverinfo":"skip","yaxis":"y","x":[0.9746803641319275,0.9746803641319275,null,0.9746803641319275,0.0029880478978157043,null,0.9746803641319275,0.8986867070198059,null]},{"showlegend":false,"mode":"lines","xaxis":"x2","line":{"color":"gray"},"y":[4.0625,9.0,null,4.0625,4.0625,null,9.0,9.0,null],"type":"scatter","hoverinfo":"skip","yaxis":"y","x":[0.6834818124771118,0.6834818124771118,null,0.6834818124771118,0.6330053210258484,null,0.6834818124771118,0.0,null]},{"showlegend":false,"mode":"lines","xaxis":"x2","line":{"color":"gray"},"y":[17.0,18.0,null,17.0,17.0,null,18.0,18.0,null],"type":"scatter","hoverinfo":"skip","yaxis":"y","x":[0.0013812155229970813,0.0013812155229970813,null,0.0013812155229970813,0.0,null,0.0013812155229970813,0.0,null]},{"showlegend":false,"mode":"lines","xaxis":"x2","line":{"color":"gray"},"y":[4.0,5.0,null,4.0,4.0,null,5.0,5.0,null],"type":"scatter","hoverinfo":"skip","yaxis":"y","x":[0.044039804488420486,0.044039804488420486,null,0.044039804488420486,0.0,null,0.044039804488420486,0.0,null]},{"showlegend":false,"mode":"lines","xaxis":"x2","line":{"color":"gray"},"y":[19.5,21.0,null,19.5,19.5,null,21.0,21.0,null],"type":"scatter","hoverinfo":"skip","yaxis":"y","x":[0.02884160727262497,0.02884160727262497,null,0.02884160727262497,0.01483253575861454,null,0.02884160727262497,0.0,null]},{"showlegend":false,"mode":"lines","xaxis":"x2","line":{"color":"gray"},"y":[27.5,29.0,null,27.5,27.5,null,29.0,29.0,null],"type":"scatter","hoverinfo":"skip","yaxis":"y","x":[0.5783702731132507,0.5783702731132507,null,0.5783702731132507,0.5091565847396851,null,0.5783702731132507,0.0,null]},{"showlegend":false,"mode":"lines","xaxis":"x2","line":{"color":"gray"},"y":[6.0,7.0,null,6.0,6.0,null,7.0,7.0,null],"type":"scatter","hoverinfo":"skip","yaxis":"y","x":[0.5204132795333862,0.5204132795333862,null,0.5204132795333862,0.0,null,0.5204132795333862,0.0,null]},{"showlegend":false,"mode":"lines","xaxis":"x2","line":{"color":"gray"},"y":[25.0625,28.25,null,25.0625,25.0625,null,28.25,28.25,null],"type":"scatter","hoverinfo":"skip","yaxis":"y","x":[0.993838369846344,0.993838369846344,null,0.993838369846344,0.005592841189354658,null,0.993838369846344,0.5783702731132507,null]},{"showlegend":false,"mode":"lines","xaxis":"x2","line":{"color":"gray"},"y":[27.0,28.0,null,27.0,27.0,null,28.0,28.0,null],"type":"scatter","hoverinfo":"skip","yaxis":"y","x":[0.5091565847396851,0.5091565847396851,null,0.5091565847396851,0.0,null,0.5091565847396851,0.0,null]},{"showlegend":false,"mode":"lines","xaxis":"x2","line":{"color":"gray"},"y":[24.125,26.0,null,24.125,24.125,null,26.0,26.0,null],"type":"scatter","hoverinfo":"skip","yaxis":"y","x":[0.005592841189354658,0.005592841189354658,null,0.005592841189354658,0.0026090198662132025,null,0.005592841189354658,0.0,null]},{"showlegend":false,"mode":"lines","xaxis":"x2","line":{"color":"gray"},"y":[10.0,11.0,null,10.0,10.0,null,11.0,11.0,null],"type":"scatter","hoverinfo":"skip","yaxis":"y","x":[0.0029880478978157043,0.0029880478978157043,null,0.0029880478978157043,0.0,null,0.0029880478978157043,0.0,null]},{"showlegend":false,"mode":"lines","xaxis":"x2","line":{"color":"gray"},"y":[2.25,5.875,null,2.25,2.25,null,5.875,5.875,null],"type":"scatter","hoverinfo":"skip","yaxis":"y","x":[0.6330053210258484,0.6330053210258484,null,0.6330053210258484,0.5870077013969421,null,0.6330053210258484,0.6025487184524536,null]},{"showlegend":false,"mode":"lines","xaxis":"x2","line":{"color":"gray"},"y":[13.25,15.5,null,13.25,13.25,null,15.5,15.5,null],"type":"scatter","hoverinfo":"skip","yaxis":"y","x":[0.8723461627960205,0.8723461627960205,null,0.8723461627960205,0.016200294718146324,null,0.8723461627960205,0.521694540977478,null]},{"showlegend":false,"mode":"lines","xaxis":"x2","line":{"color":"gray"},"y":[15.0,16.0,null,15.0,15.0,null,16.0,16.0,null],"type":"scatter","hoverinfo":"skip","yaxis":"y","x":[0.521694540977478,0.521694540977478,null,0.521694540977478,0.0,null,0.521694540977478,0.0,null]},{"showlegend":false,"mode":"lines","xaxis":"x2","line":{"color":"gray"},"y":[19.0,20.0,null,19.0,19.0,null,20.0,20.0,null],"type":"scatter","hoverinfo":"skip","yaxis":"y","x":[0.01483253575861454,0.01483253575861454,null,0.01483253575861454,0.0,null,0.01483253575861454,0.0,null]},{"showlegend":false,"mode":"lines","xaxis":"x2","line":{"color":"gray"},"y":[14.375,18.875,null,14.375,14.375,null,18.875,18.875,null],"type":"scatter","hoverinfo":"skip","yaxis":"y","x":[0.8986867070198059,0.8986867070198059,null,0.8986867070198059,0.8723461627960205,null,0.8986867070198059,0.8809148073196411,null]},{"showlegend":false,"mode":"lines","xaxis":"x2","line":{"color":"gray"},"y":[12.5,14.0,null,12.5,12.5,null,14.0,14.0,null],"type":"scatter","hoverinfo":"skip","yaxis":"y","x":[0.016200294718146324,0.016200294718146324,null,0.016200294718146324,0.00592300109565258,null,0.016200294718146324,0.0,null]},{"showlegend":false,"mode":"lines","xaxis":"x2","line":{"color":"gray"},"y":[6.53125,20.109375,null,6.53125,6.53125,null,20.109375,20.109375,null],"type":"scatter","hoverinfo":"skip","yaxis":"y","x":[0.9989671111106873,0.9989671111106873,null,0.9989671111106873,0.6834818124771118,null,0.9989671111106873,0.9960167407989502,null]},{"showlegend":false,"mode":"lines","xaxis":"x2","line":{"color":"gray"},"y":[6.5,8.0,null,6.5,6.5,null,8.0,8.0,null],"type":"scatter","hoverinfo":"skip","yaxis":"y","x":[0.54831463098526,0.54831463098526,null,0.54831463098526,0.5204132795333862,null,0.54831463098526,0.0,null]},{"showlegend":false,"mode":"lines","xaxis":"x2","line":{"color":"gray"},"y":[22.5,24.0,null,22.5,22.5,null,24.0,24.0,null],"type":"scatter","hoverinfo":"skip","yaxis":"y","x":[0.0011185682378709316,0.0011185682378709316,null,0.0011185682378709316,0.00037299515679478645,null,0.0011185682378709316,0.0,null]},{"showlegend":false,"mode":"lines","xaxis":"x2","line":{"color":"gray"},"y":[4.5,7.25,null,4.5,4.5,null,7.25,7.25,null],"type":"scatter","hoverinfo":"skip","yaxis":"y","x":[0.6025487184524536,0.6025487184524536,null,0.6025487184524536,0.044039804488420486,null,0.6025487184524536,0.54831463098526,null]},{"showlegend":false,"mode":"lines","xaxis":"x2","line":{"color":"gray"},"y":[12.0,13.0,null,12.0,12.0,null,13.0,13.0,null],"type":"scatter","hoverinfo":"skip","yaxis":"y","x":[0.00592300109565258,0.00592300109565258,null,0.00592300109565258,0.0,null,0.00592300109565258,0.0,null]},{"showlegend":false,"mode":"lines","xaxis":"x2","line":{"color":"gray"},"y":[13.5625,26.65625,null,13.5625,13.5625,null,26.65625,26.65625,null],"type":"scatter","hoverinfo":"skip","yaxis":"y","x":[0.9960167407989502,0.9960167407989502,null,0.9960167407989502,0.9746803641319275,null,0.9960167407989502,0.993838369846344,null]},{"showlegend":false,"mode":"lines","xaxis":"x2","line":{"color":"gray"},"y":[1.0,2.0,null,1.0,1.0,null,2.0,2.0,null],"type":"scatter","hoverinfo":"skip","yaxis":"y","x":[0.06913319230079651,0.06913319230079651,null,0.06913319230079651,0.0,null,0.06913319230079651,0.0,null]},{"showlegend":false,"mode":"lines","xaxis":"x2","line":{"color":"gray"},"y":[17.5,20.25,null,17.5,17.5,null,20.25,20.25,null],"type":"scatter","hoverinfo":"skip","yaxis":"y","x":[0.8809148073196411,0.8809148073196411,null,0.8809148073196411,0.0013812155229970813,null,0.8809148073196411,0.02884160727262497,null]},{"showlegend":false,"mode":"lines","xaxis":"x2","line":{"color":"gray"},"y":[23.25,25.0,null,23.25,23.25,null,25.0,25.0,null],"type":"scatter","hoverinfo":"skip","yaxis":"y","x":[0.0026090198662132025,0.0026090198662132025,null,0.0026090198662132025,0.0011185682378709316,null,0.0026090198662132025,0.0,null]},{"showlegend":false,"mode":"markers","xaxis":"x2","marker":{"color":"gray","size":[8,8,4,8,8,8,4,8,8,8,8,8,8,8,4,8,8,8,8,8,8,8,4,8,8,8,8,8]},"y":[20.25,28.25,26.65625,27.5,13.3203125,23.25,18.875,24.125,25.0625,4.0625,15.5,19.5,7.25,22.5,2.25,13.5625,6.53125,17.5,4.5,6.5,10.5,13.25,5.875,12.5,14.375,16.625,20.109375,1.5],"type":"scatter","customdata":[[39,3],[46,3],[55,8],[42,2],[57,29],[31,3],[52,5],[33,4],[35,5],[49,8],[44,2],[37,2],[45,3],[30,2],[47,3],[54,12],[50,9],[32,2],[40,2],[43,2],[34,2],[38,3],[48,5],[36,2],[51,5],[53,10],[56,20],[41,2]],"yaxis":"y","hovertemplate":"ID: %{customdata[0]}<br>\nHeight: %{x:.3f}<br>\nGenome count: %{customdata[1]}\n<extra></extra>\n","x":[0.02884160727262497,0.5783702731132507,0.993838369846344,0.5091565847396851,0.9989671111106873,0.0011185682378709316,0.8809148073196411,0.0026090198662132025,0.005592841189354658,0.6330053210258484,0.521694540977478,0.01483253575861454,0.54831463098526,0.00037299515679478645,0.5870077013969421,0.9746803641319275,0.6834818124771118,0.0013812155229970813,0.044039804488420486,0.5204132795333862,0.0029880478978157043,0.016200294718146324,0.6025487184524536,0.00592300109565258,0.8723461627960205,0.8986867070198059,0.9960167407989502,0.06913319230079651]},{"mode":"lines","xaxis":"x2","line":{"color":"red"},"y":[1.0,29.0],"type":"scatter","hoverinfo":"skip","x":[0.99406457,0.99406457]},{"mode":"lines","xaxis":"x2","line":{"color":"green"},"y":[1.0,29.0],"type":"scatter","hoverinfo":"skip","x":[0.9940645694732666,0.9940645694732666]}]};
  Plotly.newPlot(gd, plot_json);
  window.onresize = function() {
    Plotly.Plots.resize(gd);
  };
  return gd;
})();

 </script>

</body>
</html>
