{
 "cells": [
  {
   "cell_type": "markdown",
   "id": "indie-villa",
   "metadata": {},
   "source": [
    "# 210410 Fix Component 29"
   ]
  },
  {
   "cell_type": "code",
   "execution_count": 1,
   "id": "north-country",
   "metadata": {},
   "outputs": [],
   "source": [
    "const COMPONENT = 29;"
   ]
  },
  {
   "cell_type": "code",
   "execution_count": 2,
   "id": "parental-shirt",
   "metadata": {},
   "outputs": [
    {
     "data": {
      "text/html": [
       "<script>\n",
       "// Immediately-invoked-function-expression to avoid global variables.\n",
       "(function() {\n",
       "    var warning_div = document.getElementById(\"webio-warning-11143481903564700742\");\n",
       "    var hide = function () {\n",
       "        var script = document.getElementById(\"webio-setup-10633616689378464159\");\n",
       "        var parent = script && script.parentElement;\n",
       "        var grandparent = parent && parent.parentElement;\n",
       "        if (grandparent) {\n",
       "            grandparent.style.display = \"none\";\n",
       "        }\n",
       "        warning_div.style.display = \"none\";\n",
       "    };\n",
       "    if (typeof Jupyter !== \"undefined\") {\n",
       "        console.log(\"WebIO detected Jupyter notebook environment.\");\n",
       "        // Jupyter notebook.\n",
       "        var extensions = (\n",
       "            Jupyter\n",
       "            && Jupyter.notebook.config.data\n",
       "            && Jupyter.notebook.config.data.load_extensions\n",
       "        );\n",
       "        if (extensions && extensions[\"webio-jupyter-notebook\"]) {\n",
       "            // Extension already loaded.\n",
       "            console.log(\"Jupyter WebIO nbextension detected; not loading ad-hoc.\");\n",
       "            hide();\n",
       "            return;\n",
       "        }\n",
       "    } else if (window.location.pathname.includes(\"/lab\")) {\n",
       "        // Guessing JupyterLa\n",
       "        console.log(\"Jupyter Lab detected; make sure the @webio/jupyter-lab-provider labextension is installed.\");\n",
       "        hide();\n",
       "        return;\n",
       "    }\n",
       "})();\n",
       "\n",
       "</script>\n",
       "<p\n",
       "    id=\"webio-warning-11143481903564700742\"\n",
       "    class=\"output_text output_stderr\"\n",
       "    style=\"padding: 1em; font-weight: bold;\"\n",
       ">\n",
       "    Unable to load WebIO. Please make sure WebIO works for your Jupyter client.\n",
       "    For troubleshooting, please see <a href=\"https://juliagizmos.github.io/WebIO.jl/latest/providers/ijulia/\">\n",
       "    the WebIO/IJulia documentation</a>.\n",
       "    <!-- TODO: link to installation docs. -->\n",
       "</p>\n"
      ],
      "text/plain": [
       "HTML{String}(\"<script>\\n// Immediately-invoked-function-expression to avoid global variables.\\n(function() {\\n    var warning_div = document.getElementById(\\\"webio-warning-11143481903564700742\\\");\\n    var hide = function () {\\n        var script = document.getElementById(\\\"webio-setup-10633616689378464159\\\");\\n        var parent = script && script.parentElement;\\n        var grandparent = parent && parent.parentElement;\\n        if (grandparent) {\\n            grandparent.style.display = \\\"none\\\";\\n        }\\n        warning_div.style.display = \\\"none\\\";\\n    };\\n    if (typeof Jupyter !== \\\"undefined\\\") {\\n        console.log(\\\"WebIO detected Jupyter notebook environment.\\\");\\n        // Jupyter notebook.\\n        var extensions = (\\n            Jupyter\\n            && Jupyter.notebook.config.data\\n            && Jupyter.notebook.config.data.load_extensions\\n        );\\n        if (extensions && extensions[\\\"webio-jupyter-notebook\\\"]) {\\n            // Extension already loaded.\\n            console.log(\\\"Jupyter WebIO nbextension detected; not loading ad-hoc.\\\");\\n            hide();\\n            return;\\n        }\\n    } else if (window.location.pathname.includes(\\\"/lab\\\")) {\\n        // Guessing JupyterLa\\n        console.log(\\\"Jupyter Lab detected; make sure the @webio/jupyter-lab-provider labextension is installed.\\\");\\n        hide();\\n        return;\\n    }\\n})();\\n\\n</script>\\n<p\\n    id=\\\"webio-warning-11143481903564700742\\\"\\n    class=\\\"output_text output_stderr\\\"\\n    style=\\\"padding: 1em; font-weight: bold;\\\"\\n>\\n    Unable to load WebIO. Please make sure WebIO works for your Jupyter client.\\n    For troubleshooting, please see <a href=\\\"https://juliagizmos.github.io/WebIO.jl/latest/providers/ijulia/\\\">\\n    the WebIO/IJulia documentation</a>.\\n    <!-- TODO: link to installation docs. -->\\n</p>\\n\")"
      ]
     },
     "metadata": {},
     "output_type": "display_data"
    },
    {
     "data": {
      "text/html": [
       "<table class=\"data-frame\"><thead><tr><th></th><th>id</th><th>ncbi_id</th><th>name</th><th>rank</th><th>parent_id</th><th>in_v12</th><th>manual_threshold</th><th>report</th><th>ngenomes</th><th>comp_idx</th><th>diameter</th><th>outgoing</th><th>incoming</th><th>name_abbr</th></tr><tr><th></th><th>Int64</th><th>Int64?</th><th>String</th><th>String?</th><th>Int64?</th><th>Bool</th><th>Float64</th><th>Bool</th><th>Int64</th><th>Int64</th><th>Float32</th><th>Int64</th><th>Int64</th><th>SubStri…</th></tr></thead><tbody><p>2 rows × 14 columns</p><tr><th>1</th><td>936</td><td>1509</td><td>Clostridium sporogenes</td><td>species</td><td>373</td><td>1</td><td>NaN</td><td>1</td><td>13</td><td>1</td><td>0.843107</td><td>1</td><td>1</td><td>sporogenes</td></tr><tr><th>2</th><td>1905</td><td><em>missing</em></td><td>Clostridium botulinum subgroup 1</td><td><em>missing</em></td><td>929</td><td>0</td><td>NaN</td><td>0</td><td>80</td><td>2</td><td>0.820283</td><td>1</td><td>1</td><td>botulinum subgroup 1</td></tr></tbody></table>"
      ],
      "text/latex": [
       "\\begin{tabular}{r|cccccccccccccc}\n",
       "\t& id & ncbi\\_id & name & rank & parent\\_id & in\\_v12 & manual\\_threshold & report & ngenomes & comp\\_idx & diameter & outgoing & incoming & name\\_abbr\\\\\n",
       "\t\\hline\n",
       "\t& Int64 & Int64? & String & String? & Int64? & Bool & Float64 & Bool & Int64 & Int64 & Float32 & Int64 & Int64 & SubStri…\\\\\n",
       "\t\\hline\n",
       "\t1 & 936 & 1509 & Clostridium sporogenes & species & 373 & 1 & NaN & 1 & 13 & 1 & 0.843107 & 1 & 1 & sporogenes \\\\\n",
       "\t2 & 1905 & \\emph{missing} & Clostridium botulinum subgroup 1 & \\emph{missing} & 929 & 0 & NaN & 0 & 80 & 2 & 0.820283 & 1 & 1 & botulinum subgroup 1 \\\\\n",
       "\\end{tabular}\n"
      ],
      "text/plain": [
       "\u001b[1m2×14 DataFrame\u001b[0m\n",
       "\u001b[1m Row \u001b[0m│\u001b[1m id    \u001b[0m\u001b[1m ncbi_id \u001b[0m\u001b[1m name                             \u001b[0m\u001b[1m rank    \u001b[0m\u001b[1m parent_id \u001b[0m\u001b[1m in_v12 \u001b[0m\u001b[1m manual_threshold \u001b[0m\u001b[1m report \u001b[0m\u001b[1m ngenomes \u001b[0m\u001b[1m comp_idx \u001b[0m\u001b[1m diameter \u001b[0m\u001b[1m outgoing \u001b[0m\u001b[1m incoming \u001b[0m\u001b[1m name_abbr            \u001b[0m\n",
       "\u001b[1m     \u001b[0m│\u001b[90m Int64 \u001b[0m\u001b[90m Int64?  \u001b[0m\u001b[90m String                           \u001b[0m\u001b[90m String? \u001b[0m\u001b[90m Int64?    \u001b[0m\u001b[90m Bool   \u001b[0m\u001b[90m Float64          \u001b[0m\u001b[90m Bool   \u001b[0m\u001b[90m Int64    \u001b[0m\u001b[90m Int64    \u001b[0m\u001b[90m Float32  \u001b[0m\u001b[90m Int64    \u001b[0m\u001b[90m Int64    \u001b[0m\u001b[90m SubStrin…            \u001b[0m\n",
       "─────┼────────────────────────────────────────────────────────────────────────────────────────────────────────────────────────────────────────────────────────────────────────────────\n",
       "   1 │   936     1509  Clostridium sporogenes            species        373    true              NaN     true        13         1  0.843107         1         1  sporogenes\n",
       "   2 │  1905 \u001b[90m missing \u001b[0m Clostridium botulinum subgroup 1 \u001b[90m missing \u001b[0m       929   false              NaN    false        80         2  0.820283         1         1  botulinum subgroup 1"
      ]
     },
     "metadata": {},
     "output_type": "display_data"
    }
   ],
   "source": [
    "include(\"fix-component-base.jl\");"
   ]
  },
  {
   "cell_type": "code",
   "execution_count": 3,
   "id": "beautiful-landing",
   "metadata": {},
   "outputs": [],
   "source": [
    "trees = Dict{String, Any}();"
   ]
  },
  {
   "cell_type": "code",
   "execution_count": 5,
   "id": "mathematical-intensity",
   "metadata": {},
   "outputs": [
    {
     "data": {
      "application/vnd.plotly.v1+json": {
       "data": [
        {
         "colorscale": [
          [
           0,
           "#000004"
          ],
          [
           0.00392156862745098,
           "#010005"
          ],
          [
           0.00784313725490196,
           "#010106"
          ],
          [
           0.011764705882352941,
           "#010108"
          ],
          [
           0.01568627450980392,
           "#020109"
          ],
          [
           0.0196078431372549,
           "#02020B"
          ],
          [
           0.023529411764705882,
           "#02020D"
          ],
          [
           0.027450980392156862,
           "#03030F"
          ],
          [
           0.03137254901960784,
           "#030312"
          ],
          [
           0.03529411764705882,
           "#040414"
          ],
          [
           0.0392156862745098,
           "#050416"
          ],
          [
           0.043137254901960784,
           "#060518"
          ],
          [
           0.047058823529411764,
           "#06051A"
          ],
          [
           0.050980392156862744,
           "#07061C"
          ],
          [
           0.054901960784313725,
           "#08071E"
          ],
          [
           0.058823529411764705,
           "#090720"
          ],
          [
           0.06274509803921569,
           "#0A0822"
          ],
          [
           0.06666666666666667,
           "#0B0924"
          ],
          [
           0.07058823529411765,
           "#0C0926"
          ],
          [
           0.07450980392156863,
           "#0D0A29"
          ],
          [
           0.0784313725490196,
           "#0E0B2B"
          ],
          [
           0.08235294117647059,
           "#100B2D"
          ],
          [
           0.08627450980392157,
           "#110C2F"
          ],
          [
           0.09019607843137255,
           "#120D31"
          ],
          [
           0.09411764705882353,
           "#130D34"
          ],
          [
           0.09803921568627451,
           "#140E36"
          ],
          [
           0.10196078431372549,
           "#150E38"
          ],
          [
           0.10588235294117647,
           "#160F3B"
          ],
          [
           0.10980392156862745,
           "#180F3D"
          ],
          [
           0.11372549019607843,
           "#19103F"
          ],
          [
           0.11764705882352941,
           "#1A1042"
          ],
          [
           0.12156862745098039,
           "#1C1044"
          ],
          [
           0.12549019607843137,
           "#1D1147"
          ],
          [
           0.12941176470588237,
           "#1E1149"
          ],
          [
           0.13333333333333333,
           "#20114B"
          ],
          [
           0.13725490196078433,
           "#21114E"
          ],
          [
           0.1411764705882353,
           "#221150"
          ],
          [
           0.1450980392156863,
           "#241253"
          ],
          [
           0.14901960784313725,
           "#251255"
          ],
          [
           0.15294117647058825,
           "#271258"
          ],
          [
           0.1568627450980392,
           "#29115A"
          ],
          [
           0.1607843137254902,
           "#2A115C"
          ],
          [
           0.16470588235294117,
           "#2C115F"
          ],
          [
           0.16862745098039217,
           "#2D1161"
          ],
          [
           0.17254901960784313,
           "#2F1163"
          ],
          [
           0.17647058823529413,
           "#311165"
          ],
          [
           0.1803921568627451,
           "#331067"
          ],
          [
           0.1843137254901961,
           "#341069"
          ],
          [
           0.18823529411764706,
           "#36106B"
          ],
          [
           0.19215686274509805,
           "#38106C"
          ],
          [
           0.19607843137254902,
           "#390F6E"
          ],
          [
           0.2,
           "#3B0F70"
          ],
          [
           0.20392156862745098,
           "#3D0F71"
          ],
          [
           0.20784313725490197,
           "#3F0F72"
          ],
          [
           0.21176470588235294,
           "#400F74"
          ],
          [
           0.21568627450980393,
           "#420F75"
          ],
          [
           0.2196078431372549,
           "#440F76"
          ],
          [
           0.2235294117647059,
           "#451077"
          ],
          [
           0.22745098039215686,
           "#471078"
          ],
          [
           0.23137254901960785,
           "#491078"
          ],
          [
           0.23529411764705882,
           "#4A1079"
          ],
          [
           0.23921568627450981,
           "#4C117A"
          ],
          [
           0.24313725490196078,
           "#4E117B"
          ],
          [
           0.24705882352941178,
           "#4F127B"
          ],
          [
           0.25098039215686274,
           "#51127C"
          ],
          [
           0.2549019607843137,
           "#52137C"
          ],
          [
           0.25882352941176473,
           "#54137D"
          ],
          [
           0.2627450980392157,
           "#56147D"
          ],
          [
           0.26666666666666666,
           "#57157E"
          ],
          [
           0.27058823529411763,
           "#59157E"
          ],
          [
           0.27450980392156865,
           "#5A167E"
          ],
          [
           0.2784313725490196,
           "#5C167F"
          ],
          [
           0.2823529411764706,
           "#5D177F"
          ],
          [
           0.28627450980392155,
           "#5F187F"
          ],
          [
           0.2901960784313726,
           "#601880"
          ],
          [
           0.29411764705882354,
           "#621980"
          ],
          [
           0.2980392156862745,
           "#641A80"
          ],
          [
           0.30196078431372547,
           "#651A80"
          ],
          [
           0.3058823529411765,
           "#671B80"
          ],
          [
           0.30980392156862746,
           "#681C81"
          ],
          [
           0.3137254901960784,
           "#6A1C81"
          ],
          [
           0.3176470588235294,
           "#6B1D81"
          ],
          [
           0.3215686274509804,
           "#6D1D81"
          ],
          [
           0.3254901960784314,
           "#6E1E81"
          ],
          [
           0.32941176470588235,
           "#701F81"
          ],
          [
           0.3333333333333333,
           "#721F81"
          ],
          [
           0.33725490196078434,
           "#732081"
          ],
          [
           0.3411764705882353,
           "#752181"
          ],
          [
           0.34509803921568627,
           "#762181"
          ],
          [
           0.34901960784313724,
           "#782281"
          ],
          [
           0.35294117647058826,
           "#792282"
          ],
          [
           0.3568627450980392,
           "#7B2382"
          ],
          [
           0.3607843137254902,
           "#7C2382"
          ],
          [
           0.36470588235294116,
           "#7E2482"
          ],
          [
           0.3686274509803922,
           "#802582"
          ],
          [
           0.37254901960784315,
           "#812581"
          ],
          [
           0.3764705882352941,
           "#832681"
          ],
          [
           0.3803921568627451,
           "#842681"
          ],
          [
           0.3843137254901961,
           "#862781"
          ],
          [
           0.38823529411764707,
           "#882781"
          ],
          [
           0.39215686274509803,
           "#892881"
          ],
          [
           0.396078431372549,
           "#8B2981"
          ],
          [
           0.4,
           "#8C2981"
          ],
          [
           0.403921568627451,
           "#8E2A81"
          ],
          [
           0.40784313725490196,
           "#902A81"
          ],
          [
           0.4117647058823529,
           "#912B81"
          ],
          [
           0.41568627450980394,
           "#932B80"
          ],
          [
           0.4196078431372549,
           "#942C80"
          ],
          [
           0.4235294117647059,
           "#962C80"
          ],
          [
           0.42745098039215684,
           "#982D80"
          ],
          [
           0.43137254901960786,
           "#992D80"
          ],
          [
           0.43529411764705883,
           "#9B2E7F"
          ],
          [
           0.4392156862745098,
           "#9C2E7F"
          ],
          [
           0.44313725490196076,
           "#9E2F7F"
          ],
          [
           0.4470588235294118,
           "#A02F7F"
          ],
          [
           0.45098039215686275,
           "#A1307E"
          ],
          [
           0.4549019607843137,
           "#A3307E"
          ],
          [
           0.4588235294117647,
           "#A5317E"
          ],
          [
           0.4627450980392157,
           "#A6317D"
          ],
          [
           0.4666666666666667,
           "#A8327D"
          ],
          [
           0.47058823529411764,
           "#AA337D"
          ],
          [
           0.4745098039215686,
           "#AB337C"
          ],
          [
           0.47843137254901963,
           "#AD347C"
          ],
          [
           0.4823529411764706,
           "#AE347B"
          ],
          [
           0.48627450980392156,
           "#B0357B"
          ],
          [
           0.49019607843137253,
           "#B2357B"
          ],
          [
           0.49411764705882355,
           "#B3367A"
          ],
          [
           0.4980392156862745,
           "#B5367A"
          ],
          [
           0.5019607843137255,
           "#B73779"
          ],
          [
           0.5058823529411764,
           "#B83779"
          ],
          [
           0.5098039215686274,
           "#BA3878"
          ],
          [
           0.5137254901960784,
           "#BC3978"
          ],
          [
           0.5176470588235295,
           "#BD3977"
          ],
          [
           0.5215686274509804,
           "#BF3A77"
          ],
          [
           0.5254901960784314,
           "#C03A76"
          ],
          [
           0.5294117647058824,
           "#C23B75"
          ],
          [
           0.5333333333333333,
           "#C43C75"
          ],
          [
           0.5372549019607843,
           "#C53C74"
          ],
          [
           0.5411764705882353,
           "#C73D73"
          ],
          [
           0.5450980392156862,
           "#C83E73"
          ],
          [
           0.5490196078431373,
           "#CA3E72"
          ],
          [
           0.5529411764705883,
           "#CC3F71"
          ],
          [
           0.5568627450980392,
           "#CD4071"
          ],
          [
           0.5607843137254902,
           "#CF4070"
          ],
          [
           0.5647058823529412,
           "#D0416F"
          ],
          [
           0.5686274509803921,
           "#D2426F"
          ],
          [
           0.5725490196078431,
           "#D3436E"
          ],
          [
           0.5764705882352941,
           "#D5446D"
          ],
          [
           0.5803921568627451,
           "#D6456C"
          ],
          [
           0.5843137254901961,
           "#D8456C"
          ],
          [
           0.5882352941176471,
           "#D9466B"
          ],
          [
           0.592156862745098,
           "#DB476A"
          ],
          [
           0.596078431372549,
           "#DC4869"
          ],
          [
           0.6,
           "#DE4968"
          ],
          [
           0.6039215686274509,
           "#DF4A68"
          ],
          [
           0.6078431372549019,
           "#E04C67"
          ],
          [
           0.611764705882353,
           "#E24D66"
          ],
          [
           0.615686274509804,
           "#E34E65"
          ],
          [
           0.6196078431372549,
           "#E44F64"
          ],
          [
           0.6235294117647059,
           "#E55064"
          ],
          [
           0.6274509803921569,
           "#E75263"
          ],
          [
           0.6313725490196078,
           "#E85362"
          ],
          [
           0.6352941176470588,
           "#E95462"
          ],
          [
           0.6392156862745098,
           "#EA5661"
          ],
          [
           0.6431372549019608,
           "#EB5760"
          ],
          [
           0.6470588235294118,
           "#EC5860"
          ],
          [
           0.6509803921568628,
           "#ED5A5F"
          ],
          [
           0.6549019607843137,
           "#EE5B5E"
          ],
          [
           0.6588235294117647,
           "#EF5D5E"
          ],
          [
           0.6627450980392157,
           "#F05F5E"
          ],
          [
           0.6666666666666666,
           "#F1605D"
          ],
          [
           0.6705882352941176,
           "#F2625D"
          ],
          [
           0.6745098039215687,
           "#F2645C"
          ],
          [
           0.6784313725490196,
           "#F3655C"
          ],
          [
           0.6823529411764706,
           "#F4675C"
          ],
          [
           0.6862745098039216,
           "#F4695C"
          ],
          [
           0.6901960784313725,
           "#F56B5C"
          ],
          [
           0.6941176470588235,
           "#F66C5C"
          ],
          [
           0.6980392156862745,
           "#F66E5C"
          ],
          [
           0.7019607843137254,
           "#F7705C"
          ],
          [
           0.7058823529411765,
           "#F7725C"
          ],
          [
           0.7098039215686275,
           "#F8745C"
          ],
          [
           0.7137254901960784,
           "#F8765C"
          ],
          [
           0.7176470588235294,
           "#F9785D"
          ],
          [
           0.7215686274509804,
           "#F9795D"
          ],
          [
           0.7254901960784313,
           "#F97B5D"
          ],
          [
           0.7294117647058823,
           "#FA7D5E"
          ],
          [
           0.7333333333333333,
           "#FA7F5E"
          ],
          [
           0.7372549019607844,
           "#FA815F"
          ],
          [
           0.7411764705882353,
           "#FB835F"
          ],
          [
           0.7450980392156863,
           "#FB8560"
          ],
          [
           0.7490196078431373,
           "#FB8761"
          ],
          [
           0.7529411764705882,
           "#FC8961"
          ],
          [
           0.7568627450980392,
           "#FC8A62"
          ],
          [
           0.7607843137254902,
           "#FC8C63"
          ],
          [
           0.7647058823529411,
           "#FC8E64"
          ],
          [
           0.7686274509803922,
           "#FC9065"
          ],
          [
           0.7725490196078432,
           "#FD9266"
          ],
          [
           0.7764705882352941,
           "#FD9467"
          ],
          [
           0.7803921568627451,
           "#FD9668"
          ],
          [
           0.7843137254901961,
           "#FD9869"
          ],
          [
           0.788235294117647,
           "#FD9A6A"
          ],
          [
           0.792156862745098,
           "#FD9B6B"
          ],
          [
           0.796078431372549,
           "#FE9D6C"
          ],
          [
           0.8,
           "#FE9F6D"
          ],
          [
           0.803921568627451,
           "#FEA16E"
          ],
          [
           0.807843137254902,
           "#FEA36F"
          ],
          [
           0.8117647058823529,
           "#FEA571"
          ],
          [
           0.8156862745098039,
           "#FEA772"
          ],
          [
           0.8196078431372549,
           "#FEA973"
          ],
          [
           0.8235294117647058,
           "#FEAA74"
          ],
          [
           0.8274509803921568,
           "#FEAC76"
          ],
          [
           0.8313725490196079,
           "#FEAE77"
          ],
          [
           0.8352941176470589,
           "#FEB078"
          ],
          [
           0.8392156862745098,
           "#FEB27A"
          ],
          [
           0.8431372549019608,
           "#FEB47B"
          ],
          [
           0.8470588235294118,
           "#FEB67C"
          ],
          [
           0.8509803921568627,
           "#FEB77E"
          ],
          [
           0.8549019607843137,
           "#FEB97F"
          ],
          [
           0.8588235294117647,
           "#FEBB81"
          ],
          [
           0.8627450980392157,
           "#FEBD82"
          ],
          [
           0.8666666666666667,
           "#FEBF84"
          ],
          [
           0.8705882352941177,
           "#FEC185"
          ],
          [
           0.8745098039215686,
           "#FEC287"
          ],
          [
           0.8784313725490196,
           "#FEC488"
          ],
          [
           0.8823529411764706,
           "#FEC68A"
          ],
          [
           0.8862745098039215,
           "#FEC88C"
          ],
          [
           0.8901960784313725,
           "#FECA8D"
          ],
          [
           0.8941176470588236,
           "#FECC8F"
          ],
          [
           0.8980392156862745,
           "#FECD90"
          ],
          [
           0.9019607843137255,
           "#FECF92"
          ],
          [
           0.9058823529411765,
           "#FED194"
          ],
          [
           0.9098039215686274,
           "#FED395"
          ],
          [
           0.9137254901960784,
           "#FED597"
          ],
          [
           0.9176470588235294,
           "#FED799"
          ],
          [
           0.9215686274509803,
           "#FED89A"
          ],
          [
           0.9254901960784314,
           "#FDDA9C"
          ],
          [
           0.9294117647058824,
           "#FDDC9E"
          ],
          [
           0.9333333333333333,
           "#FDDEA0"
          ],
          [
           0.9372549019607843,
           "#FDE0A1"
          ],
          [
           0.9411764705882353,
           "#FDE2A3"
          ],
          [
           0.9450980392156862,
           "#FDE3A5"
          ],
          [
           0.9490196078431372,
           "#FDE5A7"
          ],
          [
           0.9529411764705882,
           "#FDE7A9"
          ],
          [
           0.9568627450980393,
           "#FDE9AA"
          ],
          [
           0.9607843137254902,
           "#FDEBAC"
          ],
          [
           0.9647058823529412,
           "#FCECAE"
          ],
          [
           0.9686274509803922,
           "#FCEEB0"
          ],
          [
           0.9725490196078431,
           "#FCF0B2"
          ],
          [
           0.9764705882352941,
           "#FCF2B4"
          ],
          [
           0.9803921568627451,
           "#FCF4B6"
          ],
          [
           0.984313725490196,
           "#FCF6B8"
          ],
          [
           0.9882352941176471,
           "#FCF7B9"
          ],
          [
           0.9921568627450981,
           "#FCF9BB"
          ],
          [
           0.996078431372549,
           "#FCFBBD"
          ],
          [
           1,
           "#FCFDBF"
          ]
         ],
         "type": "heatmap",
         "x": [
          0.5,
          4.145751311064591,
          6.559964873437686,
          7.559964873437686,
          9.559964873437686,
          12.292015681006562,
          13.292015681006562,
          14.292015681006562,
          15.292015681006562,
          17.706229243379656,
          18.706229243379656,
          19.706229243379656,
          22.706229243379656,
          23.706229243379656,
          26.438280050948535,
          31.68092073806782,
          33.68092073806782,
          38.145022353205576,
          41.145022353205576,
          44.38109033070536,
          48.026841641769956,
          50.75889244933883
         ],
         "y": [
          0.5,
          4.145751311064591,
          6.559964873437686,
          7.559964873437686,
          9.559964873437686,
          12.292015681006562,
          13.292015681006562,
          14.292015681006562,
          15.292015681006562,
          17.706229243379656,
          18.706229243379656,
          19.706229243379656,
          22.706229243379656,
          23.706229243379656,
          26.438280050948535,
          31.68092073806782,
          33.68092073806782,
          38.145022353205576,
          41.145022353205576,
          44.38109033070536,
          48.026841641769956,
          50.75889244933883
         ],
         "z": [
          [
           0.55207145,
           0.59081197,
           0.60804933,
           0.589663,
           0.56747013,
           0.5762557,
           0.5823624,
           0.59431344,
           0.56026363,
           0.57179534,
           0.57709014,
           0.5813155,
           0.5797805,
           0.57756656,
           0.57066464,
           0.6057495,
           0.60056764,
           0.67105734,
           0.6258627,
           0.82452565,
           0.7931751
          ],
          [
           0.59081197,
           0.14631362,
           0.15423341,
           0.23699543,
           0.26291665,
           0.23535722,
           0.22234066,
           0.16426575,
           0.2686535,
           0.2691164,
           0.2908079,
           0.25990915,
           0.26995012,
           0.44330102,
           0.39510703,
           0.50028634,
           0.4832424,
           0.609173,
           0.5424226,
           0.8368505,
           0.80435413
          ],
          [
           0.60804933,
           0.15423341,
           0,
           0.30364874,
           0.30657578,
           0.30986813,
           0.35187078,
           0.30737704,
           0.31924984,
           0.32139048,
           0.34126654,
           0.34362933,
           0.3287643,
           0.47715026,
           0.419702,
           0.5210557,
           0.50238097,
           0.625654,
           0.5624884,
           0.84313136,
           0.7957863
          ],
          [
           0.589663,
           0.23699543,
           0.30364874,
           0.1270874,
           0.26740238,
           0.21818958,
           0.2407985,
           0.24361055,
           0.20279415,
           0.18957968,
           0.19905822,
           0.23837453,
           0.23120418,
           0.4407767,
           0.4013132,
           0.49840853,
           0.48310748,
           0.6129758,
           0.54246724,
           0.8388436,
           0.8051985
          ],
          [
           0.56747013,
           0.26291665,
           0.30657578,
           0.26740238,
           0.0919153,
           0.17630726,
           0.1990991,
           0.2193792,
           0.14935376,
           0.16415805,
           0.19153777,
           0.12840554,
           0.122415416,
           0.41080508,
           0.3426805,
           0.46369976,
           0.451357,
           0.58423144,
           0.51215684,
           0.82818294,
           0.79615974
          ],
          [
           0.5762557,
           0.23535722,
           0.30986813,
           0.21818958,
           0.17630726,
           0,
           0.07259015,
           0.08218864,
           0.047853973,
           0.06726349,
           0.08071749,
           0.07901585,
           0.08626348,
           0.4280787,
           0.37972832,
           0.4701463,
           0.47886485,
           0.598224,
           0.5302945,
           0.83276194,
           0.80254775
          ],
          [
           0.5823624,
           0.22234066,
           0.35187078,
           0.2407985,
           0.1990991,
           0.07259015,
           0,
           0.07416648,
           0.058682058,
           0.08824918,
           0.09561201,
           0.07796452,
           0.10961407,
           0.44285998,
           0.39547217,
           0.4818252,
           0.49214965,
           0.6068513,
           0.5414679,
           0.83624357,
           0.8053046
          ],
          [
           0.59431344,
           0.16426575,
           0.30737704,
           0.24361055,
           0.2193792,
           0.08218864,
           0.07416648,
           0,
           0.120402105,
           0.13586347,
           0.1476201,
           0.123498,
           0.14100876,
           0.460466,
           0.41501278,
           0.49934763,
           0.5029086,
           0.620264,
           0.55506295,
           0.83922464,
           0.80927396
          ],
          [
           0.56026363,
           0.2686535,
           0.31924984,
           0.20279415,
           0.14935376,
           0.047853973,
           0.058682058,
           0.120402105,
           0.012725884,
           0.037138585,
           0.04509995,
           0.061298955,
           0.068552256,
           0.41444072,
           0.3610692,
           0.45489717,
           0.46538696,
           0.58778626,
           0.5178399,
           0.8303585,
           0.79860693
          ],
          [
           0.57179534,
           0.2691164,
           0.32139048,
           0.18957968,
           0.16415805,
           0.06726349,
           0.08824918,
           0.13586347,
           0.037138585,
           0,
           0.056922335,
           0.08660672,
           0.08568047,
           0.4191222,
           0.37144676,
           0.46268058,
           0.47426617,
           0.59313005,
           0.52602583,
           0.8322522,
           0.80047935
          ],
          [
           0.57709014,
           0.2908079,
           0.34126654,
           0.19905822,
           0.19153777,
           0.08071749,
           0.09561201,
           0.1476201,
           0.04509995,
           0.056922335,
           0,
           0.09974602,
           0.09928423,
           0.43554842,
           0.38974676,
           0.47687805,
           0.48817205,
           0.6038647,
           0.5362104,
           0.8358187,
           0.8046921
          ],
          [
           0.5813155,
           0.25990915,
           0.34362933,
           0.23837453,
           0.12840554,
           0.07901585,
           0.07796452,
           0.123498,
           0.061298955,
           0.08660672,
           0.09974602,
           0.053060275,
           0.07499425,
           0.43783784,
           0.3885679,
           0.47654417,
           0.4872649,
           0.6030124,
           0.53707826,
           0.8355273,
           0.8048745
          ],
          [
           0.5797805,
           0.26995012,
           0.3287643,
           0.23120418,
           0.122415416,
           0.08626348,
           0.10961407,
           0.14100876,
           0.068552256,
           0.08568047,
           0.09928423,
           0.07499425,
           0,
           0.4350947,
           0.38082474,
           0.47152886,
           0.4816191,
           0.5998928,
           0.5330005,
           0.8324746,
           0.80123043
          ],
          [
           0.57756656,
           0.44330102,
           0.47715026,
           0.4407767,
           0.41080508,
           0.4280787,
           0.44285998,
           0.460466,
           0.41444072,
           0.4191222,
           0.43554842,
           0.43783784,
           0.4350947,
           0.027357237,
           0.39308855,
           0.49360925,
           0.48848686,
           0.5742841,
           0.5149062,
           0.8338762,
           0.80160445
          ],
          [
           0.57066464,
           0.39510703,
           0.419702,
           0.4013132,
           0.3426805,
           0.37972832,
           0.39547217,
           0.41501278,
           0.3610692,
           0.37144676,
           0.38974676,
           0.3885679,
           0.38082474,
           0.39308855,
           0.09541189,
           0.46897545,
           0.46182808,
           0.5765921,
           0.5089179,
           0.8286604,
           0.80064803
          ],
          [
           0.6057495,
           0.50028634,
           0.5210557,
           0.49840853,
           0.46369976,
           0.4701463,
           0.4818252,
           0.49934763,
           0.45489717,
           0.46268058,
           0.47687805,
           0.47654417,
           0.47152886,
           0.49360925,
           0.46897545,
           0.094392285,
           0.45136106,
           0.5613592,
           0.5071571,
           0.8264139,
           0.79922956
          ],
          [
           0.60056764,
           0.4832424,
           0.50238097,
           0.48310748,
           0.451357,
           0.47886485,
           0.49214965,
           0.5029086,
           0.46538696,
           0.47426617,
           0.48817205,
           0.4872649,
           0.4816191,
           0.48848686,
           0.46182808,
           0.45136106,
           0.2082725,
           0.5571064,
           0.5041239,
           0.8220584,
           0.793875
          ],
          [
           0.67105734,
           0.609173,
           0.625654,
           0.6129758,
           0.58423144,
           0.598224,
           0.6068513,
           0.620264,
           0.58778626,
           0.59313005,
           0.6038647,
           0.6030124,
           0.5998928,
           0.5742841,
           0.5765921,
           0.5613592,
           0.5571064,
           0.0018878102,
           0.51894236,
           0.8371295,
           0.8170862
          ],
          [
           0.6258627,
           0.5424226,
           0.5624884,
           0.54246724,
           0.51215684,
           0.5302945,
           0.5414679,
           0.55506295,
           0.5178399,
           0.52602583,
           0.5362104,
           0.53707826,
           0.5330005,
           0.5149062,
           0.5089179,
           0.5071571,
           0.5041239,
           0.51894236,
           0.45169714,
           0.8311808,
           0.79720175
          ],
          [
           0.82452565,
           0.8368505,
           0.84313136,
           0.8388436,
           0.82818294,
           0.83276194,
           0.83624357,
           0.83922464,
           0.8303585,
           0.8322522,
           0.8358187,
           0.8355273,
           0.8324746,
           0.8338762,
           0.8286604,
           0.8264139,
           0.8220584,
           0.8371295,
           0.8311808,
           0.24442896,
           0.69405097
          ],
          [
           0.7931751,
           0.80435413,
           0.7957863,
