{
 "cells": [
  {
   "cell_type": "markdown",
   "id": "latin-cinema",
   "metadata": {},
   "source": [
    "# 210424 Fix Component 30"
   ]
  },
  {
   "cell_type": "code",
   "execution_count": 1,
   "id": "incorrect-layout",
   "metadata": {},
   "outputs": [],
   "source": [
    "const COMPONENT = 30;"
   ]
  },
  {
   "cell_type": "code",
   "execution_count": 2,
   "id": "natural-crystal",
   "metadata": {},
   "outputs": [
    {
     "data": {
      "text/html": [
       "<script>\n",
       "// Immediately-invoked-function-expression to avoid global variables.\n",
       "(function() {\n",
       "    var warning_div = document.getElementById(\"webio-warning-4743337137872479299\");\n",
       "    var hide = function () {\n",
       "        var script = document.getElementById(\"webio-setup-2211467767075001521\");\n",
       "        var parent = script && script.parentElement;\n",
       "        var grandparent = parent && parent.parentElement;\n",
       "        if (grandparent) {\n",
       "            grandparent.style.display = \"none\";\n",
       "        }\n",
       "        warning_div.style.display = \"none\";\n",
       "    };\n",
       "    if (typeof Jupyter !== \"undefined\") {\n",
       "        console.log(\"WebIO detected Jupyter notebook environment.\");\n",
       "        // Jupyter notebook.\n",
       "        var extensions = (\n",
       "            Jupyter\n",
       "            && Jupyter.notebook.config.data\n",
       "            && Jupyter.notebook.config.data.load_extensions\n",
       "        );\n",
       "        if (extensions && extensions[\"webio-jupyter-notebook\"]) {\n",
       "            // Extension already loaded.\n",
       "            console.log(\"Jupyter WebIO nbextension detected; not loading ad-hoc.\");\n",
       "            hide();\n",
       "            return;\n",
       "        }\n",
       "    } else if (window.location.pathname.includes(\"/lab\")) {\n",
       "        // Guessing JupyterLa\n",
       "        console.log(\"Jupyter Lab detected; make sure the @webio/jupyter-lab-provider labextension is installed.\");\n",
       "        hide();\n",
       "        return;\n",
       "    }\n",
       "})();\n",
       "\n",
       "</script>\n",
       "<p\n",
       "    id=\"webio-warning-4743337137872479299\"\n",
       "    class=\"output_text output_stderr\"\n",
       "    style=\"padding: 1em; font-weight: bold;\"\n",
       ">\n",
       "    Unable to load WebIO. Please make sure WebIO works for your Jupyter client.\n",
       "    For troubleshooting, please see <a href=\"https://juliagizmos.github.io/WebIO.jl/latest/providers/ijulia/\">\n",
       "    the WebIO/IJulia documentation</a>.\n",
       "    <!-- TODO: link to installation docs. -->\n",
       "</p>\n"
      ],
      "text/plain": [
       "HTML{String}(\"<script>\\n// Immediately-invoked-function-expression to avoid global variables.\\n(function() {\\n    var warning_div = document.getElementById(\\\"webio-warning-4743337137872479299\\\");\\n    var hide = function () {\\n        var script = document.getElementById(\\\"webio-setup-2211467767075001521\\\");\\n        var parent = script && script.parentElement;\\n        var grandparent = parent && parent.parentElement;\\n        if (grandparent) {\\n            grandparent.style.display = \\\"none\\\";\\n        }\\n        warning_div.style.display = \\\"none\\\";\\n    };\\n    if (typeof Jupyter !== \\\"undefined\\\") {\\n        console.log(\\\"WebIO detected Jupyter notebook environment.\\\");\\n        // Jupyter notebook.\\n        var extensions = (\\n            Jupyter\\n            && Jupyter.notebook.config.data\\n            && Jupyter.notebook.config.data.load_extensions\\n        );\\n        if (extensions && extensions[\\\"webio-jupyter-notebook\\\"]) {\\n            // Extension already loaded.\\n            console.log(\\\"Jupyter WebIO nbextension detected; not loading ad-hoc.\\\");\\n            hide();\\n            return;\\n        }\\n    } else if (window.location.pathname.includes(\\\"/lab\\\")) {\\n        // Guessing JupyterLa\\n        console.log(\\\"Jupyter Lab detected; make sure the @webio/jupyter-lab-provider labextension is installed.\\\");\\n        hide();\\n        return;\\n    }\\n})();\\n\\n</script>\\n<p\\n    id=\\\"webio-warning-4743337137872479299\\\"\\n    class=\\\"output_text output_stderr\\\"\\n    style=\\\"padding: 1em; font-weight: bold;\\\"\\n>\\n    Unable to load WebIO. Please make sure WebIO works for your Jupyter client.\\n    For troubleshooting, please see <a href=\\\"https://juliagizmos.github.io/WebIO.jl/latest/providers/ijulia/\\\">\\n    the WebIO/IJulia documentation</a>.\\n    <!-- TODO: link to installation docs. -->\\n</p>\\n\")"
      ]
     },
     "metadata": {},
     "output_type": "display_data"
    },
    {
     "data": {
      "text/html": [
       "<table class=\"data-frame\"><thead><tr><th></th><th>id</th><th>ncbi_id</th><th>name</th><th>rank</th><th>parent_id</th><th>in_v12</th><th>manual_threshold</th><th>report</th><th>ngenomes</th><th>comp_idx</th><th>diameter</th><th>outgoing</th><th>incoming</th><th>name_abbr</th></tr><tr><th></th><th>Int64</th><th>Int64?</th><th>String</th><th>String?</th><th>Int64?</th><th>Bool</th><th>Float64</th><th>Bool</th><th>Int64</th><th>Int64</th><th>Float32</th><th>Int64</th><th>Int64</th><th>String</th></tr></thead><tbody><p>2 rows × 14 columns</p><tr><th>1</th><td>959</td><td>1582</td><td>Lactobacillus casei</td><td>species</td><td>281</td><td>1</td><td>NaN</td><td>1</td><td>13</td><td>1</td><td>0.456054</td><td>1</td><td>1</td><td>L. casei</td></tr><tr><th>2</th><td>966</td><td>1597</td><td>Lacticaseibacillus paracasei</td><td>species</td><td>281</td><td>1</td><td>NaN</td><td>1</td><td>35</td><td>2</td><td>0.467957</td><td>1</td><td>1</td><td>L. paracasei</td></tr></tbody></table>"
      ],
      "text/latex": [
       "\\begin{tabular}{r|cccccccccccccc}\n",
       "\t& id & ncbi\\_id & name & rank & parent\\_id & in\\_v12 & manual\\_threshold & report & ngenomes & comp\\_idx & diameter & outgoing & incoming & name\\_abbr\\\\\n",
       "\t\\hline\n",
       "\t& Int64 & Int64? & String & String? & Int64? & Bool & Float64 & Bool & Int64 & Int64 & Float32 & Int64 & Int64 & String\\\\\n",
       "\t\\hline\n",
       "\t1 & 959 & 1582 & Lactobacillus casei & species & 281 & 1 & NaN & 1 & 13 & 1 & 0.456054 & 1 & 1 & L. casei \\\\\n",
       "\t2 & 966 & 1597 & Lacticaseibacillus paracasei & species & 281 & 1 & NaN & 1 & 35 & 2 & 0.467957 & 1 & 1 & L. paracasei \\\\\n",
       "\\end{tabular}\n"
      ],
      "text/plain": [
       "\u001b[1m2×14 DataFrame\u001b[0m\n",
       "\u001b[1m Row \u001b[0m│\u001b[1m id    \u001b[0m\u001b[1m ncbi_id \u001b[0m\u001b[1m name                         \u001b[0m\u001b[1m rank    \u001b[0m\u001b[1m parent_id \u001b[0m\u001b[1m in_v12 \u001b[0m\u001b[1m manual_threshold \u001b[0m\u001b[1m report \u001b[0m\u001b[1m ngenomes \u001b[0m\u001b[1m comp_idx \u001b[0m\u001b[1m diameter \u001b[0m\u001b[1m outgoing \u001b[0m\u001b[1m incoming \u001b[0m\u001b[1m name_abbr    \u001b[0m\n",
       "\u001b[1m     \u001b[0m│\u001b[90m Int64 \u001b[0m\u001b[90m Int64?  \u001b[0m\u001b[90m String                       \u001b[0m\u001b[90m String? \u001b[0m\u001b[90m Int64?    \u001b[0m\u001b[90m Bool   \u001b[0m\u001b[90m Float64          \u001b[0m\u001b[90m Bool   \u001b[0m\u001b[90m Int64    \u001b[0m\u001b[90m Int64    \u001b[0m\u001b[90m Float32  \u001b[0m\u001b[90m Int64    \u001b[0m\u001b[90m Int64    \u001b[0m\u001b[90m String       \u001b[0m\n",
       "─────┼────────────────────────────────────────────────────────────────────────────────────────────────────────────────────────────────────────────────────────────────────\n",
       "   1 │   959     1582  Lactobacillus casei           species        281    true              NaN     true        13         1  0.456054         1         1  L. casei\n",
       "   2 │   966     1597  Lacticaseibacillus paracasei  species        281    true              NaN     true        35         2  0.467957         1         1  L. paracasei"
      ]
     },
     "metadata": {},
     "output_type": "display_data"
    }
   ],
   "source": [
    "include(\"fix-component-base.jl\");"
   ]
  },
  {
   "cell_type": "code",
   "execution_count": 3,
   "id": "magnetic-cambodia",
   "metadata": {},
   "outputs": [],
   "source": [
    "trees = Dict{String, Any}();"
   ]
  },
  {
   "cell_type": "code",
   "execution_count": 4,
   "id": "mature-conspiracy",
   "metadata": {},
   "outputs": [
    {
     "data": {
      "application/vnd.plotly.v1+json": {
       "data": [
        {
         "colorscale": [
          [
           0,
           "#000004"
          ],
          [
           0.00392156862745098,
           "#010005"
          ],
          [
           0.00784313725490196,
           "#010106"
          ],
          [
           0.011764705882352941,
           "#010108"
          ],
          [
           0.01568627450980392,
           "#020109"
          ],
          [
           0.0196078431372549,
           "#02020B"
          ],
          [
           0.023529411764705882,
           "#02020D"
          ],
          [
           0.027450980392156862,
           "#03030F"
          ],
          [
           0.03137254901960784,
           "#030312"
          ],
          [
           0.03529411764705882,
           "#040414"
          ],
          [
           0.0392156862745098,
           "#050416"
          ],
          [
           0.043137254901960784,
           "#060518"
          ],
          [
           0.047058823529411764,
           "#06051A"
          ],
          [
           0.050980392156862744,
           "#07061C"
          ],
          [
           0.054901960784313725,
           "#08071E"
          ],
          [
           0.058823529411764705,
           "#090720"
          ],
          [
           0.06274509803921569,
           "#0A0822"
          ],
          [
           0.06666666666666667,
           "#0B0924"
          ],
          [
           0.07058823529411765,
           "#0C0926"
          ],
          [
           0.07450980392156863,
           "#0D0A29"
          ],
          [
           0.0784313725490196,
           "#0E0B2B"
          ],
          [
           0.08235294117647059,
           "#100B2D"
          ],
          [
           0.08627450980392157,
           "#110C2F"
          ],
          [
           0.09019607843137255,
           "#120D31"
          ],
          [
           0.09411764705882353,
           "#130D34"
          ],
          [
           0.09803921568627451,
           "#140E36"
          ],
          [
           0.10196078431372549,
           "#150E38"
          ],
          [
           0.10588235294117647,
           "#160F3B"
          ],
          [
           0.10980392156862745,
           "#180F3D"
          ],
          [
           0.11372549019607843,
           "#19103F"
          ],
          [
           0.11764705882352941,
           "#1A1042"
          ],
          [
           0.12156862745098039,
           "#1C1044"
          ],
          [
           0.12549019607843137,
           "#1D1147"
          ],
          [
           0.12941176470588237,
           "#1E1149"
          ],
          [
           0.13333333333333333,
           "#20114B"
          ],
          [
           0.13725490196078433,
           "#21114E"
          ],
          [
           0.1411764705882353,
           "#221150"
          ],
          [
           0.1450980392156863,
           "#241253"
          ],
          [
           0.14901960784313725,
           "#251255"
          ],
          [
           0.15294117647058825,
           "#271258"
          ],
          [
           0.1568627450980392,
           "#29115A"
          ],
          [
           0.1607843137254902,
           "#2A115C"
          ],
          [
           0.16470588235294117,
           "#2C115F"
          ],
          [
           0.16862745098039217,
           "#2D1161"
          ],
          [
           0.17254901960784313,
           "#2F1163"
          ],
          [
           0.17647058823529413,
           "#311165"
          ],
          [
           0.1803921568627451,
           "#331067"
          ],
          [
           0.1843137254901961,
           "#341069"
          ],
          [
           0.18823529411764706,
           "#36106B"
          ],
          [
           0.19215686274509805,
           "#38106C"
          ],
          [
           0.19607843137254902,
           "#390F6E"
          ],
          [
           0.2,
           "#3B0F70"
          ],
          [
           0.20392156862745098,
           "#3D0F71"
          ],
          [
           0.20784313725490197,
           "#3F0F72"
          ],
          [
           0.21176470588235294,
           "#400F74"
          ],
          [
           0.21568627450980393,
           "#420F75"
          ],
          [
           0.2196078431372549,
           "#440F76"
          ],
          [
           0.2235294117647059,
           "#451077"
          ],
          [
           0.22745098039215686,
           "#471078"
          ],
          [
           0.23137254901960785,
           "#491078"
          ],
          [
           0.23529411764705882,
           "#4A1079"
          ],
          [
           0.23921568627450981,
           "#4C117A"
          ],
          [
           0.24313725490196078,
           "#4E117B"
          ],
          [
           0.24705882352941178,
           "#4F127B"
          ],
          [
           0.25098039215686274,
           "#51127C"
          ],
          [
           0.2549019607843137,
           "#52137C"
          ],
          [
           0.25882352941176473,
           "#54137D"
          ],
          [
           0.2627450980392157,
           "#56147D"
          ],
          [
           0.26666666666666666,
           "#57157E"
          ],
          [
           0.27058823529411763,
           "#59157E"
          ],
          [
           0.27450980392156865,
           "#5A167E"
          ],
          [
           0.2784313725490196,
           "#5C167F"
          ],
          [
           0.2823529411764706,
           "#5D177F"
          ],
          [
           0.28627450980392155,
           "#5F187F"
          ],
          [
           0.2901960784313726,
           "#601880"
          ],
          [
           0.29411764705882354,
           "#621980"
          ],
          [
           0.2980392156862745,
           "#641A80"
          ],
          [
           0.30196078431372547,
           "#651A80"
          ],
          [
           0.3058823529411765,
           "#671B80"
          ],
          [
           0.30980392156862746,
           "#681C81"
          ],
          [
           0.3137254901960784,
           "#6A1C81"
          ],
          [
           0.3176470588235294,
           "#6B1D81"
          ],
          [
           0.3215686274509804,
           "#6D1D81"
          ],
          [
           0.3254901960784314,
           "#6E1E81"
          ],
          [
           0.32941176470588235,
           "#701F81"
          ],
          [
           0.3333333333333333,
           "#721F81"
          ],
          [
           0.33725490196078434,
           "#732081"
          ],
          [
           0.3411764705882353,
           "#752181"
          ],
          [
           0.34509803921568627,
           "#762181"
          ],
          [
           0.34901960784313724,
           "#782281"
          ],
          [
           0.35294117647058826,
           "#792282"
          ],
          [
           0.3568627450980392,
           "#7B2382"
          ],
          [
           0.3607843137254902,
           "#7C2382"
          ],
          [
           0.36470588235294116,
           "#7E2482"
          ],
          [
           0.3686274509803922,
           "#802582"
          ],
          [
           0.37254901960784315,
           "#812581"
          ],
          [
           0.3764705882352941,
           "#832681"
          ],
          [
           0.3803921568627451,
           "#842681"
          ],
          [
           0.3843137254901961,
           "#862781"
          ],
          [
           0.38823529411764707,
           "#882781"
          ],
          [
           0.39215686274509803,
           "#892881"
          ],
          [
           0.396078431372549,
           "#8B2981"
          ],
          [
           0.4,
           "#8C2981"
          ],
          [
           0.403921568627451,
           "#8E2A81"
          ],
          [
           0.40784313725490196,
           "#902A81"
          ],
          [
           0.4117647058823529,
           "#912B81"
          ],
          [
           0.41568627450980394,
           "#932B80"
          ],
          [
           0.4196078431372549,
           "#942C80"
          ],
          [
           0.4235294117647059,
           "#962C80"
          ],
          [
           0.42745098039215684,
           "#982D80"
          ],
          [
           0.43137254901960786,
           "#992D80"
          ],
          [
           0.43529411764705883,
           "#9B2E7F"
          ],
          [
           0.4392156862745098,
           "#9C2E7F"
          ],
          [
           0.44313725490196076,
           "#9E2F7F"
          ],
          [
           0.4470588235294118,
           "#A02F7F"
          ],
          [
           0.45098039215686275,
           "#A1307E"
          ],
          [
           0.4549019607843137,
           "#A3307E"
          ],
          [
           0.4588235294117647,
           "#A5317E"
          ],
          [
           0.4627450980392157,
           "#A6317D"
          ],
          [
           0.4666666666666667,
           "#A8327D"
          ],
          [
           0.47058823529411764,
           "#AA337D"
          ],
          [
           0.4745098039215686,
           "#AB337C"
          ],
          [
           0.47843137254901963,
           "#AD347C"
          ],
          [
           0.4823529411764706,
           "#AE347B"
          ],
          [
           0.48627450980392156,
           "#B0357B"
          ],
          [
           0.49019607843137253,
           "#B2357B"
          ],
          [
           0.49411764705882355,
           "#B3367A"
          ],
          [
           0.4980392156862745,
           "#B5367A"
          ],
          [
           0.5019607843137255,
           "#B73779"
          ],
          [
           0.5058823529411764,
           "#B83779"
          ],
          [
           0.5098039215686274,
           "#BA3878"
          ],
          [
           0.5137254901960784,
           "#BC3978"
          ],
          [
           0.5176470588235295,
           "#BD3977"
          ],
          [
           0.5215686274509804,
           "#BF3A77"
          ],
          [
           0.5254901960784314,
           "#C03A76"
          ],
          [
           0.5294117647058824,
           "#C23B75"
          ],
          [
           0.5333333333333333,
           "#C43C75"
          ],
          [
           0.5372549019607843,
           "#C53C74"
          ],
          [
           0.5411764705882353,
           "#C73D73"
          ],
          [
           0.5450980392156862,
           "#C83E73"
          ],
          [
           0.5490196078431373,
           "#CA3E72"
          ],
          [
           0.5529411764705883,
           "#CC3F71"
          ],
          [
           0.5568627450980392,
           "#CD4071"
          ],
          [
           0.5607843137254902,
           "#CF4070"
          ],
          [
           0.5647058823529412,
           "#D0416F"
          ],
          [
           0.5686274509803921,
           "#D2426F"
          ],
          [
           0.5725490196078431,
           "#D3436E"
          ],
          [
           0.5764705882352941,
           "#D5446D"
          ],
          [
           0.5803921568627451,
           "#D6456C"
          ],
          [
           0.5843137254901961,
           "#D8456C"
          ],
          [
           0.5882352941176471,
           "#D9466B"
          ],
          [
           0.592156862745098,
           "#DB476A"
          ],
          [
           0.596078431372549,
           "#DC4869"
          ],
          [
           0.6,
           "#DE4968"
          ],
          [
           0.6039215686274509,
           "#DF4A68"
          ],
          [
           0.6078431372549019,
           "#E04C67"
          ],
          [
           0.611764705882353,
           "#E24D66"
          ],
          [
           0.615686274509804,
           "#E34E65"
          ],
          [
           0.6196078431372549,
           "#E44F64"
          ],
          [
           0.6235294117647059,
           "#E55064"
          ],
          [
           0.6274509803921569,
           "#E75263"
          ],
          [
           0.6313725490196078,
           "#E85362"
          ],
          [
           0.6352941176470588,
           "#E95462"
          ],
          [
           0.6392156862745098,
           "#EA5661"
          ],
          [
           0.6431372549019608,
           "#EB5760"
          ],
          [
           0.6470588235294118,
           "#EC5860"
          ],
          [
           0.6509803921568628,
           "#ED5A5F"
          ],
          [
           0.6549019607843137,
           "#EE5B5E"
          ],
          [
           0.6588235294117647,
           "#EF5D5E"
          ],
          [
           0.6627450980392157,
           "#F05F5E"
          ],
          [
           0.6666666666666666,
           "#F1605D"
          ],
          [
           0.6705882352941176,
           "#F2625D"
          ],
          [
           0.6745098039215687,
           "#F2645C"
          ],
          [
           0.6784313725490196,
           "#F3655C"
          ],
          [
           0.6823529411764706,
           "#F4675C"
          ],
          [
           0.6862745098039216,
           "#F4695C"
          ],
          [
           0.6901960784313725,
           "#F56B5C"
          ],
          [
           0.6941176470588235,
           "#F66C5C"
          ],
          [
           0.6980392156862745,
           "#F66E5C"
          ],
          [
           0.7019607843137254,
           "#F7705C"
          ],
          [
           0.7058823529411765,
           "#F7725C"
          ],
          [
           0.7098039215686275,
           "#F8745C"
          ],
          [
           0.7137254901960784,
           "#F8765C"
          ],
          [
           0.7176470588235294,
           "#F9785D"
          ],
          [
           0.7215686274509804,
           "#F9795D"
          ],
          [
           0.7254901960784313,
           "#F97B5D"
          ],
          [
           0.7294117647058823,
           "#FA7D5E"
          ],
          [
           0.7333333333333333,
           "#FA7F5E"
          ],
          [
           0.7372549019607844,
           "#FA815F"
          ],
          [
           0.7411764705882353,
           "#FB835F"
          ],
          [
           0.7450980392156863,
           "#FB8560"
          ],
          [
           0.7490196078431373,
           "#FB8761"
          ],
          [
           0.7529411764705882,
           "#FC8961"
          ],
          [
           0.7568627450980392,
           "#FC8A62"
          ],
          [
           0.7607843137254902,
           "#FC8C63"
          ],
          [
           0.7647058823529411,
           "#FC8E64"
          ],
          [
           0.7686274509803922,
           "#FC9065"
          ],
          [
           0.7725490196078432,
           "#FD9266"
          ],
          [
           0.7764705882352941,
           "#FD9467"
          ],
          [
           0.7803921568627451,
           "#FD9668"
          ],
          [
           0.7843137254901961,
           "#FD9869"
          ],
          [
           0.788235294117647,
           "#FD9A6A"
          ],
          [
           0.792156862745098,
           "#FD9B6B"
          ],
          [
           0.796078431372549,
           "#FE9D6C"
          ],
          [
           0.8,
           "#FE9F6D"
          ],
          [
           0.803921568627451,
           "#FEA16E"
          ],
          [
           0.807843137254902,
           "#FEA36F"
          ],
          [
           0.8117647058823529,
           "#FEA571"
          ],
          [
           0.8156862745098039,
           "#FEA772"
          ],
          [
           0.8196078431372549,
           "#FEA973"
          ],
          [
           0.8235294117647058,
           "#FEAA74"
          ],
          [
           0.8274509803921568,
           "#FEAC76"
          ],
          [
           0.8313725490196079,
           "#FEAE77"
          ],
          [
           0.8352941176470589,
           "#FEB078"
          ],
          [
           0.8392156862745098,
           "#FEB27A"
          ],
          [
           0.8431372549019608,
           "#FEB47B"
          ],
          [
           0.8470588235294118,
           "#FEB67C"
          ],
          [
           0.8509803921568627,
           "#FEB77E"
          ],
          [
           0.8549019607843137,
           "#FEB97F"
          ],
          [
           0.8588235294117647,
           "#FEBB81"
          ],
          [
           0.8627450980392157,
           "#FEBD82"
          ],
          [
           0.8666666666666667,
           "#FEBF84"
          ],
          [
           0.8705882352941177,
           "#FEC185"
          ],
          [
           0.8745098039215686,
           "#FEC287"
          ],
          [
           0.8784313725490196,
           "#FEC488"
          ],
          [
           0.8823529411764706,
           "#FEC68A"
          ],
          [
           0.8862745098039215,
           "#FEC88C"
          ],
          [
           0.8901960784313725,
           "#FECA8D"
          ],
          [
           0.8941176470588236,
           "#FECC8F"
          ],
          [
           0.8980392156862745,
           "#FECD90"
          ],
          [
           0.9019607843137255,
           "#FECF92"
          ],
          [
           0.9058823529411765,
           "#FED194"
          ],
          [
           0.9098039215686274,
           "#FED395"
          ],
          [
           0.9137254901960784,
           "#FED597"
          ],
          [
           0.9176470588235294,
           "#FED799"
          ],
          [
           0.9215686274509803,
           "#FED89A"
          ],
          [
           0.9254901960784314,
           "#FDDA9C"
          ],
          [
           0.9294117647058824,
           "#FDDC9E"
          ],
          [
           0.9333333333333333,
           "#FDDEA0"
          ],
          [
           0.9372549019607843,
           "#FDE0A1"
          ],
          [
           0.9411764705882353,
           "#FDE2A3"
          ],
          [
           0.9450980392156862,
           "#FDE3A5"
          ],
          [
           0.9490196078431372,
           "#FDE5A7"
          ],
          [
           0.9529411764705882,
           "#FDE7A9"
          ],
          [
           0.9568627450980393,
           "#FDE9AA"
          ],
          [
           0.9607843137254902,
           "#FDEBAC"
          ],
          [
           0.9647058823529412,
           "#FCECAE"
          ],
          [
           0.9686274509803922,
           "#FCEEB0"
          ],
          [
           0.9725490196078431,
           "#FCF0B2"
          ],
          [
           0.9764705882352941,
           "#FCF2B4"
          ],
          [
           0.9803921568627451,
           "#FCF4B6"
          ],
          [
           0.984313725490196,
           "#FCF6B8"
          ],
          [
           0.9882352941176471,
           "#FCF7B9"
          ],
          [
           0.9921568627450981,
           "#FCF9BB"
          ],
          [
           0.996078431372549,
           "#FCFBBD"
          ],
          [
           1,
           "#FCFDBF"
          ]
         ],
         "type": "heatmap",
         "x": [
          0.5,
          2.5,
          4.5,
          5.5,
          7.914213562373096,
          8.914213562373096,
          10.914213562373096,
          14.150281539872886,
          15.150281539872886,
          16.150281539872886,
          17.150281539872886,
          19.150281539872886,
          21.150281539872886,
          24.150281539872886,
          25.150281539872886,
          27.56449510224598,
          29.56449510224598,
          30.56449510224598,
          32.97870866461908,
          35.39292222699217,
          38.628990204491956
         ],
         "y": [
          0.5,
          2.5,
          4.5,
          5.5,
          7.914213562373096,
          8.914213562373096,
          10.914213562373096,
          14.150281539872886,
          15.150281539872886,
          16.150281539872886,
          17.150281539872886,
          19.150281539872886,
          21.150281539872886,
          24.150281539872886,
          25.150281539872886,
          27.56449510224598,
          29.56449510224598,
          30.56449510224598,
          32.97870866461908,
          35.39292222699217,
          38.628990204491956
         ],
         "z": [
          [
           0.08867157,
           0.37636188,
           0.39284682,
           0.35078895,
           0.38374916,
           0.40513778,
           0.3853998,
           0.39708683,
           0.38719422,
           0.40656275,
           0.435831,
           0.41426507,
           0.38470766,
           0.41545147,
           0.4124016,
           0.3777334,
           0.40411827,
           0.37470356,
           0.38263002,
           0.3896686
          ],
          [
           0.37636188,
           0.016304985,
           0.24798745,
           0.30418906,
           0.3057299,
           0.3839828,
           0.29630744,
           0.36245766,
           0.28583205,
           0.3840404,
           0.43604478,
           0.39757147,
           0.4005228,
           0.41653067,
           0.40141815,
           0.3862873,
           0.40465793,
           0.38161886,
           0.39093617,
           0.36942863
          ],
          [
           0.39284682,
           0.24798745,
           0,
           0.36939752,
           0.3725051,
           0.4017158,
           0.37173933,
           0.3945294,
           0.36794028,
           0.4080812,
           0.43663228,
           0.40318996,
           0.3964544,
           0.40157175,
           0.40244383,
           0.37022978,
           0.40054548,
           0.39379498,
           0.40578035,
           0.39533758
          ],
          [
           0.35078895,
           0.30418906,
           0.36939752,
           0.19978507,
           0.23280704,
           0.33193523,
           0.22813648,
           0.31921467,
           0.26600417,
           0.2625956,
           0.43569085,
           0.4041832,
           0.38732046,
           0.4105597,
           0.38334665,
           0.37363845,
           0.3897572,
           0.36362734,
           0.34323528,
           0.34780872
          ],
          [
           0.38374916,
           0.3057299,
           0.3725051,
           0.23280704,
           0,
           0.36504298,
           0.30849895,
           0.34538862,
           0.32027534,
           0.37215686,
           0.45353633,
           0.41841087,
           0.40193275,
           0.41995582,
           0.41461027,
           0.39622456,
           0.40656886,
           0.39609063,
           0.3586967,
           0.36681783
          ],
          [
           0.40513778,
           0.3839828,
           0.4017158,
           0.33193523,
           0.36504298,
           0.01748095,
           0.32352373,
           0.35463017,
           0.31604987,
           0.41511542,
           0.45291865,
           0.42639264,
           0.42421985,
           0.44573253,
           0.41446173,
           0.3970884,
           0.4270621,
           0.39436218,
           0.41066986,
           0.42616737
          ],
          [
           0.3853998,
           0.29630744,
           0.37173933,
           0.22813648,
           0.30849895,
           0.32352373,
           0.1716052,
           0.19533466,
           0.2113111,
           0.337891,
           0.43971422,
           0.39796907,
           0.3750851,
           0.4016417,
           0.3837886,
           0.3751724,
           0.39481047,
           0.3710968,
           0.3651341,
           0.36906496
          ],
          [
           0.39708683,
           0.36245766,
           0.3945294,
           0.31921467,
           0.34538862,
           0.35463017,
           0.19533466,
           0,
           0.29295087,
           0.39418572,
           0.44802728,
           0.41291735,
           0.39069265,
           0.3915523,
           0.40510273,
           0.37427247,
           0.39810702,
           0.3955949,
           0.38094786,
           0.38381404
          ],
          [
           0.38719422,
           0.28583205,
           0.36794028,
           0.26600417,
           0.32027534,
           0.31604987,
           0.2113111,
           0.29295087,
           0,
           0.39016777,
           0.43476087,
           0.3933842,
           0.3918123,
           0.4114047,
           0.3794944,
           0.3603038,
           0.39791605,
           0.3665803,
           0.36877012,
           0.36002392
          ],
          [
           0.40656275,
           0.3840404,
           0.4080812,
           0.2625956,
           0.37215686,
           0.41511542,
           0.337891,
           0.39418572,
           0.39016777,
           0,
           0.4635846,
           0.4451289,
           0.431929,
           0.44546837,
           0.4235778,
           0.40437266,
           0.42814457,
           0.41194695,
           0.40588683,
           0.4092489
          ],
          [
           0.435831,
           0.43604478,
           0.43663228,
           0.43569085,
           0.45353633,
           0.45291865,
           0.43971422,
           0.44802728,
           0.43476087,
           0.4635846,
           0.017417897,
           0.39415684,
           0.38741127,
           0.42411304,
           0.40134412,
           0.41649464,
           0.41825017,
           0.42930773,
           0.42214566,
           0.4369933
          ],
          [
           0.41426507,
           0.39757147,
           0.40318996,
           0.4041832,
           0.41841087,
           0.42639264,
           0.39796907,
           0.41291735,
           0.3933842,
           0.4451289,
           0.39415684,
           0.18145934,
           0.19901001,
           0.23744985,
           0.3573336,
           0.36897042,
           0.34040156,
           0.39420092,
           0.39675993,
           0.36381087
          ],
          [
           0.38470766,
           0.4005228,
           0.3964544,
           0.38732046,
           0.40193275,
           0.42421985,
           0.3750851,
           0.39069265,
           0.3918123,
           0.431929,
           0.38741127,
           0.19901001,
           0.16367403,
           0.1668389,
           0.34827077,
           0.32637933,
           0.29615715,
           0.38174233,
           0.37260273,
           0.38043916
          ],
          [
           0.41545147,
           0.41653067,
           0.40157175,
           0.4105597,
           0.41995582,
           0.44573253,
           0.4016417,
           0.3915523,
           0.4114047,
           0.44546837,
           0.42411304,
           0.23744985,
           0.1668389,
           0,
           0.3735468,
           0.34457508,
           0.33140555,
           0.40994033,
           0.3947343,
           0.40113604
          ],
          [
           0.4124016,
           0.40141815,
           0.40244383,
           0.38334665,
           0.41461027,
           0.41446173,
           0.3837886,
           0.40510273,
           0.3794944,
           0.4235778,
           0.40134412,
           0.3573336,
           0.34827077,
           0.3735468,
           0.0019135093,
           0.29004657,
           0.30259642,
           0.39263433,
           0.3878044,
           0.39769593
          ],
          [
           0.3777334,
           0.3862873,
           0.37022978,
           0.37363845,
           0.39622456,
           0.3970884,
           0.3751724,
           0.37427247,
           0.3603038,
           0.40437266,
           0.41649464,
           0.36897042,
           0.32637933,
           0.34457508,
           0.29004657,
           0.008511703,
           0.26995456,
           0.3731675,
           0.3747606,
           0.3704637
          ],
          [
           0.40411827,
           0.40465793,
           0.40054548,
           0.3897572,
           0.40656886,
           0.4270621,
           0.39481047,
           0.39810702,
           0.39791605,
           0.42814457,
           0.41825017,
           0.34040156,
           0.29615715,
           0.33140555,
           0.30259642,
           0.26995456,
           0,
           0.39776435,
           0.39767006,
           0.3888504
          ],
          [
           0.37470356,
           0.38161886,
           0.39379498,
           0.36362734,
           0.39609063,
           0.39436218,
           0.3710968,
           0.3955949,
           0.3665803,
           0.41194695,
           0.42930773,
           0.39420092,
           0.38174233,
           0.40994033,
           0.39263433,
           0.3731675,
           0.39776435,
           0.16531226,
           0.3797271,
           0.37687197
          ],
          [
           0.38263002,
           0.39093617,
           0.40578035,
           0.34323528,
           0.3586967,
           0.41066986,
           0.3651341,
           0.38094786,
           0.36877012,
           0.40588683,
           0.42214566,
           0.39675993,
           0.37260273,
           0.3947343,
           0.3878044,
           0.3747606,
           0.39767006,
           0.3797271,
           0.15762582,
           0.37098476
          ],
          [
           0.3896686,
           0.36942863,
           0.39533758,
           0.34780872,
           0.36681783,
           0.42616737,
           0.36906496,
           0.38381404,
           0.36002392,
           0.4092489,
           0.4369933,
           0.36381087,
           0.38043916,
           0.40113604,
           0.39769593,
           0.3704637,
           0.3888504,
           0.37687197,
           0.37098476,
           0.18197499
          ]
         ]
        },
        {
         "fill": "toself",
         "hoverinfo": "skip",
         "line": {
          "color": "#AEC7E8"
         },
         "mode": "lines",
         "showlegend": false,
         "type": "scatter",
         "x": [
          0,
          0.0019135093316435814,
          0.0019135093316435814,
          0
         ],
         "xaxis": "x2",
         "y": [
          25.650281539872886,
          25.650281539872886,
          27.06449510224598,
          27.06449510224598
         ],
         "yaxis": "y"
        },
        {
         "hoverinfo": "skip",
         "line": {
          "color": "#FFBB78"
         },
         "mode": "lines",
         "showlegend": false,
         "type": "scatter",
         "x": [
          0.20634044706821442,
          0.20634044706821442,
